КРЕДИТОРСКАЯ И ДЕБИТОРСКАЯ
ЗАДОЛЖЕННОСТЬ ОРГАНИЗАЦИЙ

(без субъектов малого
предпринимательства, кредитных
организаций, 

государственных (муниципальных)
учреждений, некредитных финансовых
организаций)

в июне 2026 года

на конец месяца, млн рублей

	Кредиторская задолженность
Дебиторская задолженность

	всего	в том числе 

просроченная	всего	в том числе 

просроченная



всего 	в % к

общей 

кредитор-

ской задол-женности

всего	в % к

общей 

дебитор-

ской задол-женности

  Российская Федерация	155 218 225	6 426 667	4,1	135
473 264	8 840 882	6,5

Центральный федеральный округ	89 936 457	3
346 483	3,7	70 710 011	4 353 191	6,2

Белгородская область	608 120	17 276	2,8	756 442	27
022	3,6

Брянская область	320 217	9 698	3,0	244 321	8 532	3,5

Владимирская область	496 539	7 946	1,6	436 554	16 235
3,7

Воронежская область	805 171	8 995	1,1	800 078	37 280
4,7

Ивановская область	184 783	8 862	4,8	188 737	5 268	2,8

Калужская область	969 276	38 725	4,0	739 594	33 402	4,5

Костромская область	83 870	2 304	2,7	84 085	2 892	3,4

Курская область	312 698	8 002	2,6	312 705	12 444	4,0

Липецкая область	373 889	11 007	2,9	480 686	6 970	1,5

Московская область	10 836 438	126 370	1,2	10 602 745
399 028	3,8

Орловская область	133 983	3 960	3,0	138 405	5 535	4,0

Рязанская область	594 037	12 703	2,1	577 232	11 478	2,0

Смоленская область	320 422	4 142	1,3	233 673	6 919	3,0

Тамбовская область	317 973	7 386	2,3	280 520	17 418	6,2

Тверская область	410 899	53 433	13,0	305 948	21 552	7,0

Тульская область	1 610 331	161 053	10,0	1 226 915	40 391
3,3

Ярославская область	929 001	43 486	4,7	770 195	42 106
5,5

г. Москва	70 628 810	2 821 135	4,0	52 531 176	3 658 719	7,0

Северо-Западный 

 федеральный округ	20 055 883	889 274	4,4	21 441 823	1
553 737	7,2

Республика Карелия	103 353	2 519	2,4	78 418	3 020	3,9

Республика Коми	262 317	43 716	16,7	188 680	35 781	19,0

Архангельская область	1 304 222	50 950	3,9	1 440 938
90 567	6,3

в том числе:

0

2

8

:

F

T

p

r

Њ

Ћ

ћ

 

Ё

Є

$

ояя

F

ояя

F

H

T

Ё

Є

®

Ш

,

4

R

\

~

љ

ў

ѕ

И

т

;Ш

р

-

,

,

4

D

R

Z

\

~

Ћ

љ

ў

І

ѕ

Ж

И

т

Ff‹

Ff

Ff

Ff

I	64 278	12 893	20,1	33 663	3 453	10,3

Республика Северная  Осетия - Алания	88
032	53 705	61,0	41 563	21 958	52,8

Чеченская Республика	657 721	169 236	25,7	350 869	36
887	10,5

Ставропольский край	490 379	27 153	5,5	407 283	32 649
8,0

Приволжский федеральный округ	14 704 769	696
587	4,7	14 836 099	1 044 630	7,0

Республика Башкортостан	1 321 278	71 608	5,4	1 627
169	110 150	6,8

Республика Марий Эл	143 022	589	0,4	100 961	3 930	3,9

Республика Мордовия	181 741	1 312	0,7	206 829	2 961
1,4

Республика Татарстан	4 169 125	113 624	2,7	4 194 668
307 951	7,3

Удмуртская Республика	901 804	18 874	2,1	854 023	20
084	2,4

Чувашская Республика	328 871	7 633	2,3	330 940	5 429
1,6

Пермский край	1 208 990	69 842	5,8	1 242 398	62 199	5,0

Кировская область	323 069	1 847	0,6	209 189	5 502	2,6

Нижегородская область	2 957 560	281 941	9,5	2 588
242	338 632	13,1

Оренбургская область	522 211	41 180	7,9	958 848	34
026	3,5

Пензенская область	379 981	8 246	2,2	313 001	4 977	1,6

Самарская область	1 585 947	54 061	3,4	1 570 535	116 741
7,4

Саратовская область	355 827	11 095	3,1	430 451	15 890
3,7

Ульяновская область	325 343	14 735	4,5	208 845	16 158
7,7

Уральский федеральный округ	11 193 555	400 971
3,6	11 358 368	856 963	7,5

Курганская область	418 389	47 859	11,4	290 917	19 600
6,7

Свердловская область	3 596 018	115 530	3,2	3 098 573
175 697	5,7

Тюменская область	5 498 600	177 506	3,2	6 746 774	580
679	8,6

в том числе:

Ханты-Мансийский авт. округ - Югра	1 745 475
75 753	4,3	2 301 272	151 995	6,6

Ямало-Ненецкий авт. округ	2 156 377	13 685	0,6	3
228 849	262 674	8,1

Тюменская область без авт. округов	1 596
748	88 068	5,5	1 216 653	166 010	13,6

Челябинская область	1 680 548	60 076	3,6	1 222 104	80
987	6,6

Сибирский федеральный округ	6 973 123	545 092
7,8	6 692 121	514 037	7,7

Республика Алтай	36 451	68	0,2	78 146	2 644	3,4

Республика Тыва	21 271	2 238	10,5	81 967	2 461	3,0

Республика Хакасия	97 540	6 177	6,3	79 999	2 538	3,2

Алтайский край	298 877	8 423	2,8	266 530	9 956	3,7

Красноярский край	2 181 451	185 442	8,5	1 975 157	157
196	8,0

Иркутская область	837 350	77 275	9,2	869 189	31 772	3,7

Кемеровская область	1 340 205	205 544	15,3	1 417 354
224 715	15,9

Новосибирская область	1 359 892	43 434	3,2	1 131 091
38 897	3,4

Омская область	449 329	5 618	1,3	396 369	16 915	4,3

Томская область	350 757	10 873	3,1	396 319	26 943	6,8

Дальневосточный 

 федеральный округ	5 121 616	103 579	2,0	4 836 048	244
555	5,1

Республика Бурятия	238 558	5 505	2,3	123 348	8 655	7,0

Республика Саха (Якутия)	588 819	20 647	3,5	496 361
41 377	8,3

Забайкальский край	324 289	988	0,3	297 825	19 340	6,5

Камчатский край	217 042	3 383	1,6	181 593	6 091	3,4

Приморский край	1 695 187	25 401	1,5	1 385 318	62 033	4,5

Хабаровский край	739 678	20 984	2,8	756 249	51 837	6,9

Амурская область	410 309	6 700	1,6	307 964	17 964	5,8

Магаданская область	201 573	3 820	1,9	426 305	12 585
3,0

Сахалинская область	490 559	7 084	1,4	663 429	16 559
2,5

Еврейская авт. область	10 794	5 012	46,4	4 345	959
22,1

Чукотский авт. округ	204 808	4 055	2,0	193 311	7 155
3,7

 1) С учетом федеральной территории
«Сириус».



