ПОСТУПЛЕНИЕ НАЛОГОВ, СБОРОВ И ИНЫХ
ОБЯЗАТЕЛЬНЫХ ПЛАТЕЖЕЙ

В КОНСОЛИДИРОВАННЫЙ БЮДЖЕТ РОССИЙСКОЙ
ФЕДЕРАЦИИ

(по оперативным данным Федеральной
налоговой службы)

в I полугодии 2026 года

	Поступило	В том числе

	млн

рублей	в % к

итогу	в федеральный 

бюджет	в консолидированные бюджеты
субъектов 

Российской Федерации



	млн

рублей	в % к

общему

объему

 поступ-лений	млн

рублей	в % к

общему

объему

,

-

 

*

.

\

t

~

–

 

ў

ё

є

В

Д

Ж

\

v

~

ў

є

Д



&

8

T

^

`

Љ

¦

ё

Ф

Ю

а



-

&

8

B

T

^

Љ

ћ

¦

ё

В

Ф

Ю

葞9摧ၢ¯Ô欀ꑤ

葞9摧ၢ¯Ô欀

	4 042,5	33,9	7 865,3	66,1

Республика Северная  Осетия - Алания	19
486,7	0,1	5 390,0	27,7	14 096,7	72,3

Чеченская Республика	37 365,8	0,2	18 799,8	50,3	18
566,0	49,7

Ставропольский край	118 945,4	0,5	51 413,1	43,2	67
532,3	56,8

Приволжский федеральный округ	3 756 588,7
16,2	2 360 776,9	62,8	1 395 811,8	37,2

Республика Башкортостан	278 123,0	1,2	125 155,3
45,0	152 967,7	55,0

Республика Марий Эл	35 778,9	0,2	18 398,5	51,4	17 380,4
48,6

Республика Мордовия	51 896,9	0,2	21 072,3	40,6	30
824,6	59,4

Республика Татарстан	846 426,3	3,7	534 926,4	63,2	311
499,9	36,8

Удмуртская Республика	222 089,7	1,0	158 654,5	71,4
63 435,2	28,6

Чувашская Республика	112 348,3	0,5	59 450,5	52,9	52
897,8	47,1

Пермский край	610 835,3	2,6	471 555,2	77,2	139 280,1	22,8

Кировская область	68 563,3	0,3	29 480,3	43,0	39 083,0
57,0

Нижегородская область	403 012,5	1,7	212 655,9	52,8
190 356,6	47,2

Оренбургская область	312 313,2	1,3	248 109,0	79,4	64
204,2	20,6

Пензенская область	78 380,1	0,3	39 225,5	50,0	39 154,6
50,0

Самарская область	527 557,0	2,3	353 559,7	67,0	173 997,3
33,0

Саратовская область	139 837,7	0,6	63 253,9	45,2	76
583,9	54,8

Ульяновская область	69 426,2	0,3	25 279,8	36,4	44
146,4	63,6

Уральский федеральный округ	4 256 174,4	18,4	3
339 255,8	78,5	916 918,6	21,5

Курганская область	56 396,8	0,2	32 827,2	58,2	23 569,6
41,8

Свердловская область	450 385,4	1,9	222 004,3	49,3	228
381,1	50,7

Тюменская область	250 806,6	1,1	170 898,8	68,1	79 907,7
31,9

Челябинская область	287 988,5	1,2	152 308,0	52,9	135
680,5	47,1

Ханты-Мансийский авт. округ - Югра	1 757
941,5	7,6	1 503 514,2	85,5	254 427,4	14,5

Ямало-Ненецкий авт. округ	1 452 655,5	6,3	1 257
703,3	86,6	194 952,2	13,4

Сибирский федеральный округ	1 750 624,6	7,6	840
261,8	48,0	910 362,8	52,0

Республика Алтай	9 255,3	0,0	1 561,0	16,9	7 694,2	83,1

Республика Тыва	8 622,2	0,0	849,4	9,9	7 772,8	90,1

Республика Хакасия	31 885,1	0,1	11 264,3	35,3	20 620,7
64,7

Алтайский край	108 294,1	0,5	45 753,3	42,2	62 540,8	57,8

Красноярский край	457 089,8	2,0	192 478,5	42,1	264 611,3
57,9

Иркутская область	366 484,8	1,6	225 747,9	61,6	140 737,0
38,4

Кемеровская область 	118 097,5	0,5	29 964,5	25,4	88
132,9	74,6

Новосибирская область	257 807,6	1,1	106 768,9	41,4
151 038,7	58,6

Омская область	223 385,8	1,0	98 136,8	43,9	125 249,0	56,1

Томская область	169 702,5	0,7	127 737,2	75,3	41 965,3	24,7

Дальневосточный  федеральный округ	1 006
731,10	4,3	296 356,1	29,4	710 375,0	70,6

Республика Бурятия	38 954,1	0,2	10 790,2	27,7	28 163,9
72,3

Республика Саха (Якутия)	170 623,1	0,7	52 686,1	30,9
117 937,0	69,1

Забайкальский край	73 345,6	0,3	12 546,1	17,1	60 799,5
82,9

Камчатский край	50 265,6	0,2	11 933,8	23,7	38 331,8	76,3

Приморский край	180 476,2	0,8	71 241,9	39,5	109 234,4	60,5

Хабаровский край	167 627,0	0,7	50 913,3	30,4	116 713,7
69,6

Амурская область	70 261,9	0,3	9 272,8	13,2	60 989,0	86,8

Магаданская область	63 724,7	0,3	9 140,7	14,3	54 584,0
85,7

Сахалинская область	172 869,6	0,7	80 715,0	46,7	92
154,5	53,3

Еврейская авт. область	5 246,9	0,0	-489,1	 	5 736,0
 

Чукотский авт. округ	13 336,5	0,1	-12 394,8	 	25 731,3
 



 PAGE   340 

