СТРУКТУРА ИНВЕСТИЦИЙ В ОСНОВНОЙ
КАПИТАЛ 

ПО ИСТОЧНИКАМ ФИНАНСИРОВАНИЯ1)  

в I полугодии 2026 года

                                                                        
                            в % к общему объему
инвестиций в основной капитал

	Собст-

венные

средства	Привле-

ченные

средства	В  том числе



	бюджет-

ные 

средства	из них	кредиты

банков





федераль-ного бюджета	бюджетов
субъектов Российской Федерации
местных бюджетов

	  Российская Федерация	59,7	40,3	12,1	6,0	5,4	0,7
15,8

Центральный 

 федеральный округ 	61,0	39,0	15,9	5,5	9,9	0,5	15,3

Белгородская область	82,0	18,0	10,4	3,9	4,8	1,7	5,7

Брянская область	75,8	24,2	11,1	7,3	3,1	0,7	8,7

Владимирская область	76,2	23,8	12,3	4,2	6,5	1,6	2,8

Воронежская область	54,5	45,5	20,1	5,3	12,6	2,2	23,1

Ивановская область	74,5	25,5	13,0	6,1	5,0	1,9	…2)

Калужская область	66,8	33,2	21,4	17,9	2,7	0,9	7,3

Костромская область	73,8	26,2	19,4	9,2	6,4	3,7	…2)

Курская область	88,9	11,1	4,9	2,8	1,7	0,4	5,2

Липецкая область	82,6	17,4	5,7	1,8	3,0	0,8	8,7

Московская область	53,8	46,2	16,7	7,3	7,7	1,8	17,5

Орловская область	47,6	52,4	14,8	13,2	1,2	0,4	33,6

Рязанская область	83,0	17,0	5,8	2,2	2,9	0,7	7,6

Смоленская область	69,5	30,5	12,2	6,4	4,9	0,9	12,4

Тамбовская область	76,3	23,7	10,5	7,1	2,4	1,0	6,8

Тверская область	70,8	29,2	15,9	8,0	6,1	1,8	1,5

Тульская область	72,6	27,4	13,8	6,8	5,6	1,4	8,2

Ярославская область	63,6	36,4	17,0	5,9	9,9	1,1	6,7

г. Москва	59,1	40,9	16,7	5,0	11,7	0,0	16,6

Северо-Западный 

 федеральный округ 	42,9	57,1	11,2	4,5	6,3	0,5	28,2

Республика Карелия	66,0	34,0	17,0	13,8	2,9	0,4	2,1

Республика Коми	80,9	19,1	7,3	2,8	4,3	0,3	0,9

Архангельская область	78,9	21,1	8,7	5,2	1,9	1,6	5,9

в том числе:

Ненецкий авт. округ	82,8	17,2	1,5	0,1	1,1	0,3	7,3

Архангельская область

без авт. округа	72,8	27,2	19,9	13,1	3,2	3,6	3,8

Вологодская область	87,9	12,1	6,9	1,9	3,6	1,4	0,9

Калининградская область	47,3	52,7	37,4	31,7	2,9
2,9	8,3

Ленинградская область	22,0	78,0	2,5	1,3	1,0	0,3	50,3

Мурманская область	48,9	51,1	10,0	8,2	0,7	1,1	17,2

Новгородская область	75,3	24,7	8,8	5,8	2,7	0,4	6,4

Псковская область	50,5	49,5	20,4	10,1	9,0	1,3	23,1

г. Санкт-Петербург	54,3	45,7	22,4	5,2	17,1	0,02	12,2

Южный 

 федеральный округ 	44,2	55,8	32,8	28,7	2,9	1,1	13,7

Республика Адыгея	51,1	48,9	41,0	21,3	9,8	9,9	1,8

Республика Калмыкия	62,7	37,3	27,5	12,6	8,9	6,0	-

Республика Крым	47,5	52,5	40,8	36,0	3,6	1,3	4,7

Краснодарский край 3)	53,8	46,2	8,9	4,4	3,1	1,5	24,6

Астраханская область	79,0	21,0	7,4	5,3	1,2	0,8	…2)

Волгоградская область	61,9	38,1	7,2	3,0	3,3	0,9	27,0

Ростовская область	22,7	77,3	67,4	65,2	1,9	0,3	2,4

г. Севастополь	41,1	58,9	40,1	31,0	8,0	1,1	…2)

Северо-Кавказский 

 федеральный округ	40,6	59,4	33,2	19,5	12,3	1,4	13,7

Республика Дагестан	20,5	79,5	35,2	19,7	14,8	0,7	…2)

Республика Ингушетия	10,9	89,1	72,8	51,6	20,3	0,8	-

Кабардино-Балкарская 

 Республика	28,5	71,5	38,6	18,0	15,5	5,1	…2)

Карачаево-Черкесская 

 Республика	61,3	38,7	27,8	14,4	12,1	1,4	…2)

Республика Северная 

-

 

L

N

V

V

x

z

|

Є

ґ

ѕ

И

Р

Ш

а

к

崀임廿임懿Ĥ摧淐ÔᄀV

b

d

n

p

r

v

x

z

|

њ

ћ

Є

к

м

 hн

"

*

2

:

<

X

Z

f

¦

А

В

О

@p

z

„

Њ

”

њ

¤

葞9摧淿'½欀땤

懿϶￯瑹Ԝ«咊̀Ш

в

м

ф

ю

懿϶￯瑹Ԝ«咊̀Чеченская Республика	43,2	56,8
30,2	23,0	6,5	0,8	0,1

Ставропольский край	66,4	33,6	21,8	5,7	13,6	2,4	2,5

Приволжский 

 федеральный округ 	70,8	29,2	12,5	7,4	4,2	0,9	10,0

Республика Башкортостан	63,0	37,0	5,5	2,1	2,6	0,7
16,8

Республика Марий Эл	65,9	34,1	24,7	13,4	9,4	1,8	1,0

Республика Мордовия	54,4	45,6	25,8	21,1	3,1	1,6	13,5

Республика Татарстан	79,1	20,9	9,7	6,2	3,2	0,3	5,9

Удмуртская Республика	79,2	20,8	7,1	3,5	3,3	0,4	10,2

Чувашская Республика	51,3	48,7	21,3	3,8	15,6	1,9	21,5

Пермский край	67,6	32,4	14,8	7,3	6,6	1,0	7,1

Кировская область	58,8	41,2	16,4	11,4	3,8	1,2	18,9

Нижегородская область	57,7	42,3	18,8	12,3	5,4	1,1
19,8

Оренбургская область	81,4	18,6	5,9	2,2	3,3	0,3	7,4

Пензенская область	63,6	36,4	12,6	7,5	3,6	1,5	15,2

Самарская область	77,6	22,4	7,4	0,9	5,7	0,8	10,6

Саратовская область	53,3	46,7	31,3	24,2	2,4	4,7	9,8

Ульяновская область	60,7	39,3	13,8	9,2	3,5	1,2	2,8

Уральский 

 федеральный округ 	79,5	20,5	4,6	1,3	2,4	1,0	12,2

Курганская область	66,7	33,3	15,7	11,4	3,2	1,1	10,8

Свердловская область	52,7	47,3	11,9	4,9	4,0	3,0	28,8

Тюменская область	85,6	14,4	2,6	0,2	1,9	0,5	9,1

в том числе:

Ханты-Мансийский 

авт. округ - Югра	93,6	6,4	1,6	0,1	1,1	0,4	3,8

Ямало-Ненецкий авт. округ	74,4	25,6	3,4	0,2	2,9
0,3	16,0

Тюменская область

без авт. округов	79,9	20,1	4,7	0,4	3,0	1,3	14,1

Челябинская область	75,3	24,7	8,7	3,7	3,6	1,4	9,3

Сибирский 

 федеральный округ 	66,9	33,1	4,5	1,9	2,0	0,6	11,3

Республика Алтай	84,6	15,4	12,4	6,2	5,1	1,1	…2)

Республика Тыва	18,4	81,6	25,3	13,5	10,4	1,4	…2)

Республика Хакасия	88,0	12,0	6,9	5,5	0,9	0,5	2,6

Алтайский край	56,6	43,4	21,7	8,8	11,5	1,4	14,4

Красноярский край	62,7	37,3	2,3	0,5	1,2	0,5	15,6

Иркутская область	67,1	32,9	3,8	2,5	0,9	0,4	4,1

Кемеровская область	82,8	17,2	4,3	1,0	2,6	0,6	5,6

Новосибирская область	64,4	35,6	11,5	5,1	5,3	1,1
13,8

Омская область	83,8	16,2	5,0	2,2	1,6	1,2	7,5

Томская область	80,2	19,8	5,3	2,3	2,3	0,6	3,9

Дальневосточный 

 федеральный округ 	46,1	53,9	5,0	3,0	1,5	0,4	17,7

Республика Бурятия	74,3	25,7	5,3	2,5	1,8	1,0	4,9

Республика Саха (Якутия)	66,1	33,9	4,9	2,5	1,9	0,5
11,2

Забайкальский край	60,2	39,8	5,4	3,1	1,9	0,4	19,1

Камчатский край	48,0	52,0	8,2	4,6	2,7	0,9	39,2

Приморский край	63,5	36,5	10,3	7,2	2,5	0,5	9,8

Хабаровский край	49,6	50,4	5,0	3,2	1,2	0,7	26,4

Амурская область	26,7	73,3	1,9	1,2	0,5	0,2	11,2

Магаданская область	46,2	53,8	8,8	4,3	4,0	0,4	21,8

Сахалинская область	51,3	48,7	9,4	5,7	3,2	0,5	2,7

Еврейская авт. область	14,8	85,2	5,1	4,3	0,7	0,1
…2)

Чукотский авт. округ	17,8	82,2	1,0	0,6	0,3	0,1	…2)

1) Без субъектов малого
предпринимательства и объема
инвестиций, не наблюдаемых прямыми
статистическими методами.

2) Данные не публикуются в целях
обеспечения конфиденциальности
первичных статистических данных,
полученных от организаций, в
соответствии с Федеральным законом от
29.11.2007 № 282-ФЗ "Об официальном
статистическом учете и системе
государственной статистики в
Российской Федерации" (п. 5, ст. 4; ч. 1,
ст. 9).

3) С учетом федеральной территории
«Сириус».



 PAGE   358 

