ОПТОВАЯ ТОРГОВЛЯ

ОБОРОТ ОПТОВОЙ ТОРГОВЛИ 

	Январь-июль 2026 г.	Июль 2026 г. в % к1)

	млн

рублей	в % к

январю-июлю 

2025 г.1)	июлю

2025 г.	июню

2026 г.

  Российская Федерация, млрд рублей	91
104,9	100,9	100,4	99,5

Центральный федеральный округ 	44 471 742,5
102,9	102,6	100,6

Белгородская область	594 184,2	93,2	90,7	89,9

Брянская область	218 733,7	93,7	92,7	90,8

Владимирская область	369 715,0	102,4	107,8	98,2

Воронежская область	1 051 973,9	108,3	111,6	100,1

Ивановская область	197 565,2	78,8	83,8	102,5

Калужская область	328 677,0	93,2	96,2	95,5

Костромская область	123 711,0	91,6	76,0	100,7

Курская область	285 078,6	99,8	98,9	88,8

Липецкая область	334 791,4	99,0	91,7	103,1

Московская область	8 012 111,0	98,3	97,2	98,1

Орловская область	158 516,8	85,8	92,8	99,7

Рязанская область	370 039,0	97,0	105,0	103,2

Смоленская область	578 323,4	110,6	114,9	102,6

Тамбовская область	236 590,3	126,0	122,2	68,4

Тверская область	265 542,5	91,2	74,7	102,5

Тульская область	391 776,0	98,0	93,2	95,3

Ярославская область	453 617,5	91,4	83,0	93,0

г. Москва	30 500 796,1	105,0	105,2	102,2

Северо-Западный федеральный округ 	14 636
667,8	112,0	106,8	100,0

Республика Карелия	79 858,4	98,5	96,4	99,2

Республика Коми	46 071,3	83,9	110,3	109,8

Архангельская область	161 758,5	127,1	93,4	107,8

в том числе: 

 hН

# hН

Ȁ沖̀Ĵ혅᠘

᠀

᣿

᣿

ся<

K

F

H

p

¬

®

Ф

 

6

j

l

’

И

К

о

ся<

	K

$

0

<

F

葞9摧哊Ý®欀婤

Ф

и

т

ь

6

J

T

^

j

о

ся<

	K

ся<

	K

Чеченская Республика	82 810,7	117,0	89,2	83,6

Ставропольский край	578 508,5	102,5	100,5	108,0

Приволжский федеральный округ	9 886 624,2
105,7	105,3	94,6

Республика Башкортостан	1 023 197,4	115,6	127,8
104,5

Республика Марий Эл	93 753,2	86,6	86,3	105,0

Республика Мордовия	158 945,0	116,4	103,9	78,5

Республика Татарстан	2 910 582,9	111,9	105,6	87,5

Удмуртская Республика	352 038,5	111,1	113,5	95,4

Чувашская Республика	183 660,4	75,8	96,8	98,8

Пермский край	603 807,3	85,8	83,1	95,4

Кировская область	260 338,0	93,7	94,4	98,8

Нижегородская область	1 660 368,3	105,3	106,2	92,6

Оренбургская область	423 596,9	106,7	94,4	100,5

Пензенская область	384 032,3	92,7	86,8	95,2

Самарская область	1 219 702,8	111,1	118,1	105,6

Саратовская область	416 283,3	102,3	96,9	90,5

Ульяновская область	196 317,9	104,9	105,6	100,6

Уральский федеральный округ	7 256 155,1	109,7
109,3	96,6

Курганская область	104 797,7	96,4	92,2	90,6

Свердловская область	3 588 454,0	109,0	107,0	95,9

Тюменская область	2 183 153,4	110,5	102,7	96,9

в том числе:

Ханты-Мансийский авт. округ - Югра	419 881,4
98,1	79,7	77,8

Ямало-Ненецкий авт. округ	814 451,8	118,1	96,5
109,5

Тюменская область без авт. округов	948
820,3	110,5	120,1	97,9

Челябинская область	1 379 749,9	111,4 	126,9	98,0

Сибирский федеральный округ	5 829 269,7	98,9
103,9	99,0

Республика Алтай	36 269,5	82,0	67,9	68,7

Республика Тыва	9 877,3	113,3	113,7	99,3

Республика Хакасия	90 481,4	79,5	113,4	107,9

Алтайский край	583 587,4	108,5	99,5	94,2

Красноярский край	987 285,4	93,0	93,9	97,9

Иркутская область	775 037,7	107,3	114,8	104,0

Кемеровская область	931 881,7	112,4	139,0	105,7

Новосибирская область	1 726 331,1	97,8	99,3	95,3

Омская область	525 040,6	94,2	94,8	97,6

Томская область	163 477,5	64,0 	72,6	109,1

Дальневосточный федеральный округ	2 775
480,2	100,3	98,9	100,7

Республика Бурятия	120 651,8	101,3	111,3	108,0

Республика Саха (Якутия)	218 347,2	101,6	104,8	95,0

Забайкальский край	131 115,8	107,2	109,0	105,5

Камчатский край	92 857,4	88,7	91,1	106,1

Приморский край	1 180 544,3	106,5	101,3	100,4

Хабаровский край	484 519,9	90,2	88,4	96,1

Амурская область	217 125,3	90,4	81,3	90,0

Магаданская область	128 771,9	119,4	132,4	118,8

Сахалинская область	177 126,1	98,1	94,6	99,5

Еврейская авт. область	12 381,9	105,2 	91,0	109,9

Чукотский авт. округ	12 038,6	63,6	в 2,3р.	в 3,6р.

 1) В сопоставимых ценах. 

 2) С учетом федеральной территории
«Сириус».



