Объем ОТГРУЖЕННЫХ ТОВАРОВ
СОБСТВЕННОГО ПРОИЗВОДСТВА,
ВЫПОЛНЕННЫХ 

РАБОТ И УСЛУГ СОБСТВЕННЫМИ СИЛАМИ ПО
ВИДУ ЭКОНОМИЧЕСКОЙ ДЕЯТЕЛЬНОСТИ 

"Обеспечение ЭЛЕКТРической ЭНЕРГИей,
ГАЗом И паром; кондиционирование
воздуха"

в действующих ценах

	Январь-июль 2026 г.	Июль 2026 г.

в % к 

июлю 2025 г.	Справочно

январь-июль 

2025 г.,

млн рублей

	млн рублей	в % к 

январю-июлю 

2025 г.



  Российская Федерация, млрд рублей	5 765
115,2	102,4	5 006

Центральный федеральный округ	1 755 298	117,8
103,5	1 490 500

Белгородская область	21 435	103,4	88,4	20 740

Брянская область	17 281	116,7	105,6	14 803

Владимирская область	33 060	108,2	61,7	30 565

Воронежская область	113 709	112,1	98,5	101 472

Ивановская область	21 733	114,1	103,8	19 040

Калужская область	21 706	113,5	107,6	19 116

Костромская область	31 894	104,7	86,1	30 453

Курская область	70 493	194,1	в 3,1р.	36 325

Липецкая область	21 824	116,9	94,6	18 666

Московская область	329 284	117,4	97,2	280 540

Орловская область	12 347	114,3	101,7	10 801

Рязанская область	42 500	111,2	72,8	38 205

Смоленская область	51 425	116,1	86,9	44 304

Тамбовская область	14 538	122,2	111,4	11 902

Тверская область	95 598	115,4	91,7	82 859

Тульская область	43 730	117,3	99,9	37 290

Ярославская область	39 465	112,3	98,3	35 131

г. Москва	773 276	117,5	105,1	658 286

Северо-Западный федеральный округ	622 310
114,4	96,9	543 867

Республика Карелия	25 221	109,0	107,2	23 141

Республика Коми	36 077	109,4	103,6	32 984

Архангельская область	36 637	111,0	97,7	33 005

в том числе:

Ненецкий авт. округ	3 667	109,0	123,6	3 363

Архангельская область без авт. округа
32 969	111,2	94,8	29 642

Вологодская область	31 630	116,0	112,5	27 267

Калининградская область	47 212	114,0	100,3	41 399

Ленинградская область	170 214	117,0	86,9	145 433

Мурманская область	58 864	113,8	100,4	51 705

Новгородская область	19 620	115,0	106,3	17 059

Псковская область	11 640	119,1	103,4	9 775

г. Санкт-Петербург	185 195	114,2	101,3	162 098

Южный федеральный округ	470 363	111,6	98,4	421 600

Республика Адыгея	5 794	108,8	92,0	5 323

Республика Калмыкия	13 049	108,9	111,9	11 979

Республика Крым	42 740	113,1	76,8	37 787

Краснодарский край	131 721	113,4	105,8	116 105

Астраханская область	32 366	110,5	100,6	29 291

Волгоградская область	68 795	109,5	107,1	62 816

Ростовская область	156 932	110,1	92,6	142 518

г. Севастополь	18 967	120,2	106,9	15 781

Северо-Кавказский 

̀Ĥ옍

ряц

,

.

<

l

n

Є

к

м

(

^

`

†

є

ј

а

n

Є

ѕ

К

Ц

к

(

8

D

N

^

葞9摧䊾/®欀ꡤ

Кабардино-Балкарская Республика	10 329
110,8	50,7	9 319

Карачаево-Черкесская Республика	9 848	99,8
103,4	9 871

Республика Северная Осетия - Алания	13 886
114,8	109,0	12 101

Чеченская Республика	25 880	118,3	96,9	21 869

Ставропольский край	75 430	111,1	75,5	67 908

Приволжский федеральный округ	946 749	113,8
100,8	832 302

Республика Башкортостан	135 513	111,5	99,1	121 581

Республика Марий Эл	10 592	117,6	102,5	9 006

Республика Мордовия	13 528	129,3	109,8	10 464

Республика Татарстан	145 976	117,4	102,5	124 349

Удмуртская Республика	35 324	108,1	87,9	32 688

Чувашская Республика	23 628	115,0	102,0	20 546

Пермский край	113 131	111,8	91,3	101 231

Кировская область	31 548	111,6	98,1	28 271

Нижегородская область	102 221	120,5	106,4	84 799

Оренбургская область	68 031	111,9	94,8	60 818

Пензенская область	21 118	119,8	107,7	17 626

Самарская область	119 137	113,7	103,1	104 816

Саратовская область	100 719	109,9	110,4	91 641

Ульяновская область	26 282	107,4	93,0	24 466

Уральский федеральный округ	631 486	113,0	99,3
558 909

Курганская область	17 367	111,5	80,1	15 574

Свердловская область	218 955	113,9	104,0	192 212

Тюменская область	297 988	113,4	99,0	262 808

в том числе:

Ханты-Мансийский авт. округ - Югра	188 948
113,5	92,4	166 423

Ямало-Ненецкий авт. округ	49 917	110,2	117,6	45
316

Тюменская область без авт. округов	59 123
115,8	116,0	51 069

Челябинская область	97 176	110,0	93,5	88 315

Сибирский федеральный округ	739 025	114,7	103,8
644 410

Республика Алтай	6 349	110,1	95,0	5 769

Республика Тыва	4 877	128,3	146,2	3 802

Республика Хакасия	55 065	108,3	105,3	50 830

Алтайский край	44 537	117,9	101,2	37 766

Красноярский край	211 188	116,3	104,7	181 587

Иркутская область	165 016	114,9	106,4	143 660

Кемеровская область	94 149	111,3	95,7	84 617

Новосибирская область	68 073	115,9	102,5	58 718

Омская область	53 673	115,5	110,1	46 479

Томская область	36 099	115,8	102,3	31 182

Дальневосточный 

федеральный округ	437 899	116,8	125,2	374 835

Республика Бурятия	30 856	107,9	109,9	28 606

Республика Саха (Якутия)	74 054	116,5	150,4	63 577

Забайкальский край	31 436	124,0	107,0	25 342

Камчатский край	23 916	124,2	103,9	19 250

Приморский край	91 749	120,5	160,8	76 125

Хабаровский край	70 700	113,1	112,5	62 518

Амурская область	51 318	131,0	125,7	39 177

Магаданская область	19 741	118,3	108,2	16 681

Сахалинская область	22 094	105,2	95,0	21 008

Еврейская авт. область	5 102	114,6	119,6	4 451

Чукотский авт. округ	16 932	93,6	88,2	18 099



 PAGE   267 

