Объем ОТГРУЖЕННЫХ ТОВАРОВ
СОБСТВЕННОГО ПРОИЗВОДСТВА, 

ВЫПОЛНЕННЫХ  РАБОТ  И  УСЛУГ 
СОБСТВЕННЫМИ  СИЛАМИ 

ПО ВИДУ ЭКОНОМИЧЕСКОЙ ДЕЯТЕЛЬНОСТИ
"ОБРАБАТЫВАЮЩИЕ ПРОИЗВОДСТВА"

в действующих ценах

	Январь-июль 2026 г.	Июль 2026 г.

в % к 

июлю 2025 г.	Справочно

январь-июль 

2025 г.,

млн рублей

	млн рублей	в % к

январю-июлю 

2025 г.



  Российская Федерация, млрд рублей	50 211
104,1	106,9	48 229

Центральный федеральный округ	18 578 057
106,8	109,1	17 403 104

Белгородская область	665 014	95,0	98,4	699 897

Брянская область	278 037	91,9	99,5	302 652

Владимирская область	585 340	104,9	109,1	558 184

Воронежская область	600 158	102,1	103,3	587 805

Ивановская область	200 377	105,0	110,9	190 901

Калужская область	907 541	121,4	131,3	747 640

Костромская область	160 776	101,0	115,8	159 245

Курская область	309 353	104,0	113,6	297 571

Липецкая область	738 372	99,1	108,8	745 049

Московская область	4 026 042	106,5	117,3	3 780 142

Орловская область	134 930	92,9	99,9	145 208

Рязанская область	371 299	97,6	95,4	380 449

Смоленская область	296 060	103,6	120,0	285 635

Тамбовская область	238 465	105,1	111,9	226 864

Тверская область	368 787	99,5	105,4	370 575

Тульская область	1 170 387	109,3	143,2	1 070 979

Ярославская область	382 709	104,3	112,1	366 825

г. Москва	7 144 410	110,1	99,2	6 487 482

Северо-Западный 

федеральный округ 	5 765 854	101,1	110,2	5 704 266

Республика Карелия	85 909	97,8	121,7	87 821

Республика Коми	133 593	99,3	110,1	134 593

Архангельская область	146 480	63,3	104,2	231 580

в том числе:

Ненецкий авт. округ	1 804	69,4	84,9	2 602

Архангельская область без авт. округа
144 676	63,2	104,5	228 978

Вологодская область	717 204	93,4	97,1	767 855

Калининградская область	334 230	114,2	100,5	292
655

Ленинградская область	1 158 168	97,6	116,9	1 186 421

Мурманская область	451 322	112,9	120,5	399 717

Новгородская область	342 392	134,8	179,0	254 062

Псковская область	138 590	109,9	104,8	126 048

г. Санкт-Петербург	2 257 967	101,5	103,8	2 223 513

Южный федеральный округ	2 671 763	101,7	99,1	2 628
105

Республика Адыгея	62 581	94,9	105,8	65 938

Республика Калмыкия	1 570	155,0	140,2	1 013

Республика Крым	122 981	117,9	92,2	104 351

Краснодарский край	1 046 812	100,6	81,7	1 040 926

Астраханская область	56 740	80,5	172,4	70 528

Волгоградская область	461 620	95,1	103,1	485 269

Ростовская область	903 794	107,1	118,2	843 940

г. Севастополь	15 665	97,0	88,5	16 141

Северо-Кавказский 

рях

h

 h

h

h

h

T

j

v

‚

>

N

Z

f

v

崀욄愁Ȥ摧∍?ԀЦ

ю

h

 h

h

h

h

h

h

  h

h

h

葞9摧瑹ü®欀ꁤ

рях

h

h

h

h

 h

h

h

h

  h

h

h

h

h

h

h

 h

h

h

h

h

  h

h

崀욄愁Ȥ摧∍?ԀСтавропольский край	304 664	92,3
97,9	330 015

Приволжский федеральный округ	10 796 212
108,3	110,8	9 969 946

Республика Башкортостан	1 159 214	101,8	109,3	1
138 661

Республика Марий Эл	175 731	97,2	104,4	180 864

Республика Мордовия	275 938	104,2	115,5	264 837

Республика Татарстан	3 111 144	121,8	123,2	2 554 449

Удмуртская Республика	578 757	108,2	101,1	534 793

Чувашская Республика	425 972	115,0	115,7	370 399

Пермский край	949 795	107,9	109,6	880 149

Кировская область	348 066	107,8	102,5	322 821

Нижегородская область	1 178 997	97,3	108,2	1 211 314

Оренбургская область	359 030	99,6	99,2	360 593

Пензенская область	298 205	102,6	104,2	290 742

Самарская область	1 206 290	109,7	109,8	1 099 781

Саратовская область	445 977	96,7	99,8	461 338

Ульяновская область	283 096	94,6	91,7	299 203

Уральский федеральный округ	5 265 314	92,8	99,9
5 672 974

Курганская область	276 887	110,6	109,1	250 327

Свердловская область	2 062 115	96,7	103,3	2 133 369

Тюменская область	1 657 816	86,9	90,4	1 907 567

в том числе:

Ханты-Мансийский авт. округ - Югра	380 454
63,0	43,6	603 778

Ямало-Ненецкий авт. округ	537 720	108,2	126,8	497
012

Тюменская область без авт. округов	739 642
91,7	104,0	806 777

Челябинская область	1 268 496	91,8	104,6	1 381 711

Сибирский федеральный округ	5 000 878	103,8
103,5	4 817 296

Республика Алтай	4 035	102,7	95,0	3 928

Республика Тыва	5 606	128,5	170,2	4 362

Республика Хакасия	115 064	98,6	102,4	116 741

Алтайский край	433 966	101,4	99,6	428 019

Красноярский край	1 344 494	102,1	94,1	1 317 276

Иркутская область	716 297	120,0	105,1	596 685

Кемеровская область	488 789	94,5	115,4	517 344

Новосибирская область	654 706	102,2	104,5	640 754

Омская область	1 037 816	103,3	110,8	1 004 495

Томская область	200 105	106,6	109,9	187 692

Дальневосточный 

федеральный округ	1 660 977	106,4	96,6	1 560 983

Республика Бурятия	72 020	117,5	126,0	61 273

Республика Саха (Якутия)	242 394	134,4	124,0	180 292

Забайкальский край	57 494	149,7	188,3	38 399

Камчатский край	129 048	136,8	99,3	94 337

Приморский край	203 096	101,7	83,8	199 625

Хабаровский край	454 332	113,2	98,2	401 281

Амурская область	178 497	92,0	93,1	193 983

Магаданская область	147 236	67,7	52,3	217 387

Сахалинская область	53 653	85,4	122,4	62 844

Еврейская авт. область	5 874	119,6	157,9	4 912

Чукотский авт. округ	117 333	110,0	91,6	106 649



 PAGE   267 

