ИНДЕКС ПРОИЗВОДСТВА ПО ВИДАМ
ЭКОНОМИЧЕСКОЙ ДЕЯТЕЛЬНОСТИ 

	Добыча полезных

ископаемых	Обрабатывающие

производства	Обеспечение
электри-ческой энергией, газом 

и паром; кондиционирование воздуха
Водоснабжение; водо-отведение,
организа-

ция сбора и утилиза-

ции отходов, деятельность по
ликвидации 

загрязнений

	январь-

июль

2026 г.

в % к

январю-

июлю

2025 г.	июль

2026 г.

в % к 

июлю

2025 г.	январь-

июль

2026 г.

в % к

январю-

июлю

2025 г.	июль

2026 г.

в % к 

июлю

2025 г.







	январь-

июль

2026 г.

в % к

январю-

июлю

2025 г.	июль

2026 г.

в % к 

июлю

2025 г.









январь-

июль

2026 г.

в % к

январю-

июлю

2025 г.	июль

2026 г.

в % к 

июлю

2025 г.

 Российская Федерация	99,1	97,4	100,5	102,4	100,7
96,0	96,8	102,8

Центральный 

федеральный округ	97,1	96,6	104,3	101,7	110,9	102,5	94,4
105,5

Белгородская область	101,2	97,2	98,6	104,8	92,2	84,1
120,7	133,7

Брянская область	105,3	126,7	87,8	97,8	106,4	98,9	95,3
100,9

Владимирская область	89,7	90,6	103,2	107,4	113,5
108,9	92,5	92,1

Воронежская область	87,3	89,0	93,9	100,4	102,6	102,2
96,4	101,1

Ивановская область	73,5	98,9	93,8	99,0	95,3	103,1	94,7
93,6

Калужская область	75,4	65,3	106,5	114,2	87,2	98,3	88,3
108,1

Костромская область	86,8	95,0	97,7	101,4	90,1	82,6
104,8	99,0

Курская область	94,2	100,8	112,2	114,2	129,4	140,0	101,8
119,5

Липецкая область	97,0	94,7	104,3	99,1	112,9	103,1	99,5
126,9

Московская область	93,4	104,2	102,9	104,4	109,2	95,0
89,2	107,4

Орловская область	103,9	69,8	100,5	94,9	102,3	95,0	71,9
79,1

Рязанская область	101,6	86,5	105,5	107,5	100,3	63,2
100,3	104,5

Смоленская область	90,2	97,7	109,8	112,5	107,3	99,8
108,8	98,9

Тамбовская область	103,3	96,0	107,3	107,8	126,1	169,9
101,8	103,5

Тверская область	123,6	124,6	99,0	101,2	106,9	87,2	83,6
93,2

Тульская область	86,7	87,3	101,9	107,8	106,2	89,5	96,9
92,4

Ярославская область	89,1	111,5	109,4	121,3	104,2	100,6
97,3	97,6

г. Москва	-	-	107,8	94,2	115,6	109,7	95,3	105,5

Северо-Западный 

федеральный округ 	103,1	111,1	100,5	103,3	101,1	93,1
90,9	89,3

Республика Карелия	98,9	94,9	101,5	119,1	94,4	100,7
99,2	97,3

Республика Коми	95,0	92,2	95,5	94,5	97,9	96,0	96,5	97,1

Архангельская область	101,8	93,3	94,5	86,1	98,7	95,5
91,2	96,2

в том числе:

Ненецкий авт. округ	101,2	98,8	62,4	79,5	94,3	93,6	79,6
66,5

Архангельская область

 без авт. округа	111,9	35,7	95,0	86,2	99,5	95,9	92,9	101,2

Вологодская область	100,9	102,1	99,6	102,0	103,1	108,7
82,0	103,9

Калининградская область	в 3,1р.	в 3,9р.	105,6
98,5	106,2	95,8	101,3	99,8

Ленинградская область	102,9	95,8	87,7	85,4	99,1	82,5
97,3	93,7

Мурманская область	101,8	123,3	98,9	110,7	102,0	98,9
97,2	88,1

Новгородская область	99,8	89,1	106,7	104,5	100,4	91,6
100,4	91,4

Псковская область	112,5	123,4	100,2	101,4	108,9	112,7
96,3	79,9

г. Санкт-Петербург	117,8	184,9	106,7	112,3	102,6	97,2
86,9	85,0

Южный 

федеральный округ	71,2	78,2	92,0	90,3	96,2	94,6	99,4
102,2

Республика Адыгея	110,2	104,3	105,5	120,3	104,6	100,0
134,0	144,2

Республика Калмыкия	102,4	71,6	83,7	86,4	105,4	102,0
96,2	118,8

Республика Крым	91,6	45,1	88,5	81,1	79,9	47,2	92,0	93,2

Краснодарский край	79,3	64,3	86,6	75,1	95,4	94,6	97,2
100,6

Астраханская область	66,3	75,5	82,3	104,5	95,4	95,5
104,8	128,6

Волгоградская область	98,7	110,5	93,3	102,8	109,9
121,4	97,5	95,9

Ростовская область	93,8	96,7	100,9	107,9	96,4	98,2
103,4	98,2

г. Севастополь	55,0	40,3	94,4	95,6	80,5	60,8	100,2	93,9

Северо-Кавказский 



l

n

®

І

ґ

¶

ё

А

 

B

D

n

°

І

ґ

愀Ĥ摧䈺|؀ґ

¶

э

¶

ё

є

ј

ѕ

А

D

N

X

d

p

|

†

ђ

њ

ћ

Ь

ж

р

ь

摧䈺|᐀D

њ

ћ

ѕ

А

Ь

 h+

崀愀Ȥ摧偕·ᘀ	140,3	174,9

Кабардино-Балкарская 

 Республика	86,9	133,1	110,9	101,8	105,7	99,3	119,9	111,5

Карачаево-Черкесская 

 Республика	110,2	102,7	95,8	95,9	100,0	121,6	109,1	92,3

Республика Северная 

 Осетия - Алания	111,7	104,0	104,1	94,4	99,5	127,1	83,9	83,2

Чеченская Республика	102,7	102,7	111,5	116,0	109,0
77,6	104,4	102,9

Ставропольский край	81,1	89,4	89,6	95,7	90,7	48,3	87,3
83,3

Приволжский 

федеральный округ	95,5	90,9	104,1	104,8	101,4	97,6	99,3
107,6

Республика Башкортостан	94,8	96,4	112,8	119,7	99,3
97,8	91,4	96,4

Республика Марий Эл	91,2	100,2	95,0	96,4	104,4	103,2
106,9	116,0

Республика Мордовия	25,7	32,0	99,5	102,0	102,9	100,7
76,4	112,4

Республика Татарстан	103,5	104,3	106,5	109,1	111,1
101,0	102,2	118,2

Удмуртская Республика	94,8	95,2	119,4	120,2	89,9
57,6	100,1	108,3

Чувашская Республика	109,6	170,1	109,3	109,8	108,5
91,0	98,7	117,8

Пермский край	87,2	56,5	103,6	97,7	97,8	87,5	107,4	95,5

Кировская область	75,7	68,0	107,5	109,1	102,4	96,7	104,4
111,4

Нижегородская область	60,1	60,8	99,1	104,1	102,4
97,1	90,4	108,0

Оренбургская область	92,6	90,4	92,5	88,7	99,6	88,9
86,9	91,6

Пензенская область	95,1	104,5	105,7	107,2	110,8	111,1
93,8	98,4

Самарская область	94,3	95,5	98,8	93,4	102,5	105,1	111,8
130,3

Саратовская область	91,2	88,5	104,3	98,5	94,9	108,8
86,2	85,4

Ульяновская область	94,7	97,2	91,0	92,3	109,1	125,1
114,0	108,5

Уральский 

федеральный округ	98,8	96,6	98,3	97,4	100,3	93,8	91,4
80,5

Курганская область	94,6	89,9	113,4	103,6	92,4	40,2
100,8	101,8

Свердловская область	90,0	89,5	91,9	95,5	103,3	99,3
86,9	90,4

Тюменская область	98,9	96,6	103,3	93,4	100,6	92,8	96,7
88,0

в том числе:

Ханты-Мансийский 

авт. округ - Югра	95,6	91,7	105,3	118,5	99,5	85,5	95,4	88,0

Ямало-Ненецкий авт. округ	104,1	105,8	108,6	103,1
107,6	153,9	92,3	85,7

Тюменская область

без авт. округов	98,3	93,9	95,6	61,9	96,3	84,7	103,6	89,8

Челябинская область	103,0	97,7	95,9	106,7	95,4	93,1
88,7	61,0

Сибирский 

федеральный округ	99,9	98,8	98,9	101,2	100,5	94,6	92,1
95,8

Республика Алтай	79,5	59,0	84,4	76,0	91,0	95,3	96,4	116,3

Республика Тыва	125,8	154,3	102,4	108,7	96,6	104,1	101,5
188,9

Республика Хакасия	105,7	101,7	99,7	100,8	101,9	116,3
107,5	100,0

Алтайский край	69,0	76,7	101,5	100,2	109,2	103,4	91,8	99,2

Красноярский край	96,5	104,3	99,1	104,5	98,7	80,7	106,4
109,5

Иркутская область	103,1	108,5	104,8	100,6	103,3	115,0
94,5	105,7

Кемеровская область	98,7	106,8	96,2	104,2	98,4	75,9
86,1	105,3

Новосибирская область	91,4	114,7	95,0	98,7	99,9	94,2
78,9	57,5

Омская область	88,7	97,6	98,2	98,8	106,2	97,2	96,4	87,2

Томская область	101,4	77,4	98,3	97,7	96,1	87,1	91,7	100,6

Дальневосточный 

федеральный округ	107,6	114,0	102,7	103,6	99,8	106,9
96,3	98,5

Республика Бурятия	100,2	110,4	100,9	118,4	91,8	86,7
94,9	126,0

Республика Саха (Якутия)	106,0	113,3	92,4	91,1	95,1
105,1	95,1	90,7

Забайкальский край	111,7	112,9	102,2	109,1	108,3	100,0
107,2	100,0

Камчатский край	108,9	в 2,3р.	76,5	44,6	100,2	90,0	107,1
104,1

Приморский край	112,2	140,5	102,1	86,8	105,5	151,2	98,2
113,5

Хабаровский край	120,8	135,7	101,5	96,2	101,9	120,5	83,7
93,4

Амурская область	103,1	98,6	128,5	в 2,4р.	104,0	84,9
100,4	98,4

Магаданская область	105,2	109,9	120,5	125,0	96,0	106,6
97,9	103,3

Сахалинская область	108,0	102,0	106,7	144,1	97,6	98,6
100,5	88,4

Еврейская авт. область	108,0	107,6	102,8	102,3	97,5
99,3	94,1	95,4

Чукотский авт. округ	93,3	123,8	42,1	38,9	106,2	117,3
74,7	96,1



 PAGE   267 

