РЕСТОРАНЫ, КАФЕ И БАРЫ

оборот общественного питания

	Январь-июль 2026 г.	Июль 2026 г. в % к1)

	млн

рублей	в % к

январю-июлю 

2025 г.1)	июлю

2025 г.	июню

2026 г.

  Российская Федерация, млрд рублей	3
450,3	106,2	105,1	99,4

Центральный федеральный округ	1 317 542,5
106,6	107,1	97,0

Белгородская область	16 804,5	106,8	90,2	82,4

Брянская область	12 175,8	105,4	104,4	90,1

Владимирская область	15 887,0	104,5	98,4	97,6

Воронежская область	28 417,1	101,7	96,6	98,2

Ивановская область	7 507,3	94,1	96,3	97,2

Калужская область	19 110,2	98,4	95,8	101,0

Костромская область	8 006,1	103,4	108,3	83,9

Курская область	8 086,3	103,3	97,8	93,2

Липецкая область	11 510,2	100,5	96,8	103,6

Московская область	272 351,3	106,9	102,0	98,7

Орловская область	6 875,4	96,1	93,3	92,9

Рязанская область	14 155,0	109,5	113,4	101,6

Смоленская область	7 758,9	98,9	99,0	97,3

Тамбовская область	9 453,5	107,7	110,7	100,4

Тверская область	15 631,6	97,4	92,4	104,7

Тульская область	20 993,6	111,2	112,5	96,8

Ярославская область	16 519,3	94,9	99,8	97,3

г. Москва	826 299,3	107,5	111,0	96,3

Северо-Западный федеральный округ 	477
015,3	109,2	108,9	96,7

Республика Карелия	14 405,2	133,7	123,8	101,7

Республика Коми	11 684,6	103,3	112,4	95,5

Архангельская область	23 443,0	108,2	104,3	92,9

в том числе:

-

P

R

z

¬

®

Ф

㘀耡㘆ᠡ

＀￿᣿

-

0

<

F

P

Њ

ў

¬

®

Ф

葞9摧শY«欀艤

,

`

b

€

ѕ

А

д

,

>

J

T

`

њ

Ё

ґ

ѕ

А

д

Ставропольский край	32 984,4	99,0	95,7	103,6

Приволжский федеральный округ	406 001,1	104,5
105,3	97,3

Республика Башкортостан	44 588,1	103,0	107,3	101,4

Республика Марий Эл	11 467,2	114,1	117,5	92,8

Республика Мордовия	8 352,9	99,6	119,6	98,3

Республика Татарстан	63 708,1	107,7	105,3	94,3

Удмуртская Республика	22 988,6	101,7	109,8	92,4

Чувашская Республика	17 582,4	106,5	109,0	99,7

Пермский край	37 679,7	95,9	93,8	96,9

Кировская область	17 249,0	101,3	98,0	101,3

Нижегородская область	39 005,9	103,6	105,8	100,1

Оренбургская область	20 167,0	110,6	117,3	99,0

Пензенская область	15 813,5	99,3	99,3	97,5

Самарская область	65 966,3	103,5	103,2	95,6

Саратовская область	30 675,0	111,6	106,2	99,0

Ульяновская область	10 757,5	106,7	105,3	89,9

Уральский федеральный округ	307 099,1	109,0
111,7	97,7

Курганская область	6 079,7	99,6	98,5	99,4

Свердловская область	106 097,7	113,9	113,9	96,5

Тюменская область	121 734,8	105,4	108,4	97,8

в том числе:

Ханты-Мансийский авт. округ - Югра	46 929,8
105,2	109,5	96,3

Ямало-Ненецкий авт. округ	26 592,4	106,6	117,9
95,3

Тюменская область без авт. округов	48
212,6	104,9	102,6	100,8

Челябинская область	73 186,9	108,4	115,3	98,8

Сибирский федеральный округ	314 187,3	105,2
107,4	98,8

Республика Алтай	5 287,9	91,6	93,3	118,2

Республика Тыва	3 289,7	111,0	227,2	100,5

Республика Хакасия	7 602,4	106,0	102,4	105,3

Алтайский край	26 001,8	108,0	107,8	95,4

Красноярский край	60 790,8	104,0	102,0	99,7

Иркутская область	56 810,0	102,2	105,9	97,4

Кемеровская область	39 165,5	99,3	103,2	86,0

Новосибирская область	64 567,7	111,1	111,3	99,5

Омская область	37 142,3	106,6	109,0	104,7

Томская область	13 529,3	106,7	115,1	101,2

Дальневосточный федеральный округ	182
682,0	110,1	110,3	102,2

Республика Бурятия	19 347,9	102,1	97,2	94,8

Республика Саха (Якутия)	33 034,9	108,0	119,3	101,0

Забайкальский край	11 449,2	109,5	114,5	99,9

Камчатский край	7 879,3	102,5	106,8	108,4

Приморский край	37 643,3	101,1	84,4	100,1

Хабаровский край	37 954,0	116,7	105,2	103,6

Амурская область	12 312,1	110,9	144,9	105,4

Магаданская область	4 277,9	127,9	138,0	117,6

Сахалинская область	12 730,4	109,4	104,5	113,6

Еврейская авт. область	1 166,8	99,6	89,6	93,4

Чукотский авт. округ	4 886,3	173,8	в 2,3р.	87,4

 1) В сопоставимых ценах.

 2) С учетом федеральной территории
«Сириус».



