II	РЫНКИ ТОВАРОВ И УСЛУГ

РОЗНИЧНАЯ ТОРГОВЛЯ

ОБОРОТ РозничнОЙ тоРГОВЛИ

	Январь-июль 2026 г.	Июль 2026 г. в % к1)

	млн рублей	в % к

январю-июлю 

2025 г.1)	июлю 

2025 г.	июню

2026 г.

  Российская Федерация, млрд рублей	38
335,4	105,4	105,3	103,5

Центральный федеральный округ	12 273 972,0
107,2	108,7	100,9

Белгородская область	362 678,0	107,7	106,9	102,7

Брянская область	257 518,2	106,0	107,6	104,2

Владимирская область	273 668,6	107,9	107,3	104,5

Воронежская область	628 316,7	109,2	112,1	103,5

Ивановская область	223 348,9	112,8	113,7	104,6

Калужская область	213 395,5	103,7	103,5	102,8

Костромская область	133 765,6	107,0	110,2	104,9

Курская область	244 098,4	105,7	105,3	103,5

Липецкая область	274 808,4	104,0	106,2	104,0

Московская область	3 054 111,6	106,8	107,7	101,1

Орловская область	148 001,7	108,4	112,4	104,9

Рязанская область	250 188,8	105,9	105,2	103,5

Смоленская область	177 838,5	103,0	106,2	105,0

Тамбовская область	193 779,4	104,3	103,0	105,0

Тверская область	298 332,2	105,7	107,8	105,5

Тульская область	339 798,8	104,4	106,1	101,3

Ярославская область	293 386,8	105,5	108,7	103,8

г. Москва	4 906 935,9	108,0	110,3	97,8

Северо-Западный федеральный округ 	4 152
921,6	107,0	107,2	102,1

Республика Карелия	134 136,1	102,0	102,1	108,1

Республика Коми	165 089,7	103,3	107,7	104,4

Архангельская область	246 246,3	103,3	103,9	104,6

  в том числе:

,

.

X

ђ

䠀耡䠆ᠡ

＀￿᣿

.

X

l

x

„

ђ

ђ

’

є

О

ђ

’

є

т

ф

 

4

l

n

ђ

И

К

о

р

LО

Ъ

ж

т

ф

葞9摧ᗏE«欀潤

n

ђ

¤

°

ј

И

И

К

р

kd

1 106 562,8	111,9	114,3	106,1

Республика Марий Эл	115 444,5	109,9	109,0	100,7

Республика Мордовия	161 068,0	107,7	105,7	100,2

Республика Татарстан	1 102 308,1	107,1	106,6	104,5

Удмуртская Республика	315 555,9	108,5	108,8	103,6

Чувашская Республика	222 084,4	106,8	108,3	104,9

Пермский край	553 417,8	106,7	106,8	104,8

Кировская область	228 109,4	105,5	103,8	102,5

Нижегородская область	873 730,9	106,2	109,3	104,8

Оренбургская область	394 132,1	107,5	110,7	104,9

Пензенская область	252 755,2	109,3	112,3	106,5

Самарская область	802 683,5	104,1	109,7	105,4

Саратовская область	453 418,7	105,5	107,9	107,2

Ульяновская область	222 913,8	109,0	111,5	104,9

Уральский федеральный округ	3 158 197,5	106,2
108,8	103,4

Курганская область	133 556,9	105,7	108,1	107,1

Свердловская область	1 137 268,5	105,7	109,2	104,8

Тюменская область	1 013 716,3	103,7	108,0	102,2

        в том числе:

Ханты-Мансийский авт. округ - Югра	423 188,1
103,8	110,1	99,0

Ямало-Ненецкий авт. округ	142 964,4	97,3	97,6	98,8

Тюменская область без авт. округов	447
563,8	105,7	109,2	106,1

Челябинская область	873 655,8	109,8	109,4	102,2

Сибирский федеральный округ	3 639 680,7	106,3
108,0	103,3

Республика Алтай	40 684,0	102,1	104,9	122,2

Республика Тыва	50 030,0	111,6	117,8	106,7

Республика Хакасия	106 502,2	103,5	104,7	107,2

Алтайский край	412 758,5	108,2	109,3	102,8

Красноярский край	621 349,9	103,7	104,7	104,4

Иркутская область	555 477,5	106,0	106,6	105,2

Кемеровская область	464 409,1	104,3	108,2	104,4

Новосибирская область	770 514,2	107,2	108,6	100,3

Омская область	395 471,0	110,7	113,1	101,9

Томская область	222 484,3	105,2	106,8	98,8

Дальневосточный федеральный округ	2 205
590,4	106,8	109,4	105,1

Республика Бурятия	270 651,5	108,7	106,3	102,2

Республика Саха (Якутия)	268 889,4	104,0	109,5	101,1

Забайкальский край	190 147,8	103,4	107,8	104,9

Камчатский край	101 933,4	101,3	102,4	105,7

Приморский край	504 932,7	103,9	104,1	107,8

Хабаровский край	371 604,2	111,2	115,8	105,2

Амурская область	241 585,2	110,6	115,9	105,2

Магаданская область	41 185,6	112,0	120,4	104,8

Сахалинская область	167 267,7	105,4	107,0	106,4

Еврейская авт. область	32 907,3	110,1	111,2	106,5

Чукотский авт. округ	14 485,6	122,2	136,3	108,6

 1) В сопоставимых ценах.

 2) С учетом федеральной территории
«Сириус».



 PAGE   312 

