ЗАНЯТОСТЬ И БЕЗРАБОТИЦА



численность и состав рабочей силы в
возрасте 15 лет и старше

в среднем в мае-июле 2026 года

(по данным выборочных обследований
рабочей силы)

 	Численность рабочей силы, 

тыс.

человек	В том числе	Уровень 

участия в рабочей силе, 

в %	Уровень 

занятости,

 в %	Уровень 

безрабо-

тицы,

в %



занятые	безра-

ботные



	  Российская Федерация	76 411,8	74 728,4	1 683,4
62,9	61,5	2,2

Центральный 

федеральный округ	21 790,8	21 434,4	356,4	63,8	62,8	1,6

Белгородская область	799,3	786,8	12,5	63,3	62,3	1,6

Брянская область	558,1	548,2	9,9	58,0	57,0	1,8

Владимирская область	690,7	676,1	14,6	62,3	60,9	2,1

Воронежская область	1 239,7	1 209,7	29,9	64,2	62,7	2,4

Ивановская область	453,0	443,0	10,1	59,0	57,7	2,2

Калужская область	542,9	538,5	4,4	60,3	59,8	0,8

Костромская область	271,2	267,2	4,0	58,1	57,2	1,5

Курская область	558,9	550,3	8,6	62,9	62,0	1,5

Липецкая область	592,3	582,8	9,5	63,0	62,0	1,6

Московская область	4 866,7	4 781,8	84,8	66,9	65,7	1,7

Орловская область	339,6	334,8	4,8	57,9	57,1	1,4

Рязанская область	529,2	519,3	9,9	57,4	56,3	1,9

Смоленская область	454,6	446,3	8,3	61,7	60,6	1,8

Тамбовская область	487,9	479,5	8,4	59,1	58,1	1,7

Тверская область	634,2	622,9	11,3	62,7	61,6	1,8

Тульская область	793,0	783,5	9,5	62,7	62,0	1,2

Ярославская область	614,0	598,5	15,5	62,0	60,4	2,5

г. Москва	7 365,6	7 265,3	100,3	65,1	64,2	1,4

Северо-Западный 

федеральный округ	7 529,9	7 390,7	139,2	63,8	62,6	1,8

Республика Карелия	253,3	246,1	7,2	57,8	56,2	2,9

Республика Коми	341,5	330,1	11,4	57,5	55,6	3,4

Архангельская область	449,5	441,6	7,9	54,2	53,3	1,8

в том числе:

Ненецкий авт. округ	23,4	22,7	0,7	70,2	68,1	3,0

Архангельская область 

 без авт. округа	426,1	418,8	7,2	53,5	52,6	1,7

Вологодская область	554,6	547,8	6,8	60,1	59,4	1,2

Калининградская область	553,4	543,7	9,7	63,7	62,6
1,8

Ленинградская область	1 146,8	1 114,6	32,2	63,8	62,1
2,8

Мурманская область	350,2	342,0	8,3	64,9	63,4	2,4

Новгородская область	284,4	281,5	2,9	59,6	59,0	1,0

Псковская область	315,2	310,5	4,7	64,5	63,6	1,5

г. Санкт-Петербург	3 281,0	3 233,0	48,0	67,7	66,7	1,5

Южный федеральный округ	8 643,0	8 469,2	173,7	62,4
61,1	2,0

Республика Адыгея	213,1	208,9	4,2	51,8	50,8	2,0

Республика Калмыкия	141,9	138,0	3,8	65,0	63,2	2,7

Республика Крым	991,1	970,3	20,8	62,6	61,3	2,1

Краснодарский край	2 978,9	2 918,2	60,7	61,8	60,5	2,0

Астраханская область	501,1	490,6	10,5	65,5	64,1	2,1

Волгоградская область	1 291,9	1 267,7	24,2	62,1	60,9
1,9

Ростовская область	2 237,7	2 194,6	43,0	63,9	62,7	1,9

г. Севастополь	287,3	280,9	6,4	60,7	59,3	2,2

Северо-Кавказский 

␃ሁ㡤ÿ愀Ĥ摧⯤Ä	̀Ĥ␱愀Ĥ摧亖L

㤀耡㤆ᠡ

᠀

	

*

,

h

j

|

¶

ё

а

в

о

 

$

Z

\

Ђ

‚

Ћ

А

В

д

ж

т

6,

j

|

Ћ

љ

¤

®

¶

	

	

	

	

 

$

4

>

H

R

Z

	

	

В

ж

т

ю

	

	

	

	

	

	

	

	

	

	

	

	

	

	

	

	

	

	

	

	

	

	

	

	

	

	

	

	

	

	

	

	

	

	

	

	

	

	

	

65,1	63,9	1,9

Карачаево-Черкесская Республика	222,7	207,7
15,0	58,3	54,4	6,8

Республика Северная 

Осетия - Алания	321,0	299,6	21,4	57,7	53,9	6,7

Чеченская Республика	668,2	629,6	38,5	60,0	56,5	5,8

Ставропольский край	1 486,9	1 447,1	39,9	61,7	60,1	2,7

Приволжский 

федеральный округ	14 595,9	14 374,1	221,9	61,7	60,7	1,5

Республика Башкортостан	1 962,5	1 935,0	27,6	59,1
58,3	1,4

Республика Марий Эл	327,2	320,0	7,2	59,5	58,2	2,2

Республика Мордовия	398,0	391,1	7,0	60,2	59,1	1,8

Республика Татарстан	2 082,4	2 046,9	35,5	63,1	62,0
1,7

Удмуртская Республика	721,6	711,8	9,8	61,9	61,1	1,4

Чувашская Республика	589,1	579,9	9,3	61,6	60,7	1,6

Пермский край	1 198,5	1 178,1	20,4	59,2	58,2	1,7

Кировская область	592,0	582,2	9,8	62,5	61,5	1,6

Нижегородская область	1 630,0	1 615,9	14,1	63,7	63,2
0,9

Оренбургская область	937,7	924,7	13,0	62,6	61,7	1,4

Пензенская область	650,0	640,2	9,8	61,7	60,7	1,5

Самарская область	1 659,5	1 632,2	27,4	63,4	62,4	1,6

Саратовская область	1 255,6	1 234,1	21,6	61,9	60,9	1,7

Ульяновская область	591,6	582,1	9,5	60,1	59,1	1,6

Уральский 

федеральный округ	6 432,4	6 297,4	135,0	64,4	63,1	2,1

Курганская область	351,0	344,2	6,8	57,4	56,3	1,9

Свердловская область	2 175,5	2 112,8	62,8	63,0	61,2
2,9

Тюменская область	2 063,7	2 035,4	28,4	65,9	65,0	1,4

в том числе:

Ханты-Мансийский 

авт. округ - Югра	976,4	966,9	9,5	69,0	68,3	1,0

Ямало-Ненецкий авт. округ	310,0	306,7	3,3	75,1
74,3	1,1

Тюменская область 

без авт. округов	777,3	761,7	15,6	59,6	58,4	2,0

Челябинская область	1 842,1	1 805,1	37,0	66,2	64,8	2,0

Сибирский 

федеральный округ	8 220,5	8 004,6	215,9	61,0	59,4	2,6

Республика Алтай	92,8	87,9	4,8	58,1	55,1	5,2

Республика Тыва	136,3	130,0	6,3	57,5	54,8	4,6

Республика Хакасия	258,3	255,4	2,9	60,8	60,1	1,1

Алтайский край	1 127,6	1 088,4	39,2	65,1	62,8	3,5

Красноярский край	1 452,3	1 434,6	17,7	62,6	61,8	1,2

Иркутская область	1 144,5	1 109,7	34,8	61,5	59,6	3,0

Кемеровская область	1 216,3	1 176,7	39,7	57,7	55,8	3,3

Новосибирская область	1 359,7	1 326,2	33,5	59,4	57,9
2,5

Омская область	912,4	888,6	23,7	61,5	59,9	2,6

Томская область	520,3	507,0	13,3	60,1	58,6	2,6

Дальневосточный 

федеральный округ	4 163,5	4 064,8	98,7	65,0	63,4	2,4

Республика Бурятия	444,3	429,5	14,8	58,0	56,1	3,3

Республика Саха (Якутия)	520,0	504,1	15,9	65,7	63,7
3,1

Забайкальский край	475,1	457,3	17,8	60,1	57,9	3,8

Камчатский край	169,3	165,8	3,4	71,6	70,2	2,0

Приморский край	993,4	965,3	28,1	65,9	64,0	2,8

Хабаровский край	691,9	685,5	6,4	65,9	65,3	0,9

Амурская область	412,2	406,8	5,4	66,8	65,9	1,3

Магаданская область	84,7	83,5	1,2	75,4	74,3	1,5

Сахалинская область	270,5	266,3	4,2	71,1	70,0	1,5

Еврейская авт. область	72,8	71,9	1,0	61,5	60,7	1,3

Чукотский авт. округ	29,3	28,8	0,5	76,6	75,3	1,7



