ЧИСЛЕННОСТЬ НЕ ЗАНЯТЫХ ТРУДОВОЙ
ДЕЯТЕЛЬНОСТЬЮ ГРАЖДАН, 

СОСТОЯЩИХ НА УЧЕТЕ В ОРГАНАХ СЛУЖБЫ
ЗАНЯТОСТИ НАСЕЛЕНИЯ

(по данным Федеральной службы по труду
и занятости)

на конец месяца, тыс. человек

	Численность 	Из них безработных

	не занятых трудовой	всего	в том числе
безработные, 

	деятельностью граждан	июль	справочно
которые получают 

	июль	справочно	2026 г.	июль	июнь	пособие
по безработице

	2026 г.	июль

2025 г.	июнь 

2026 г.

2025 г.	2026 г.	июль

2026 г.	справочно









июль

2025 г.	июнь

2026 г.

Российская Федерация	395,7	374,2	393,4	300,1	297,1
300,6	239,0	227,9	232,7

Центральный 

федеральный округ	68,5	60,7	67,0	49,1	46,8	48,6	41,8
39,2	41,0

Белгородская область	3,3	2,4	3,1	2,5	1,9	2,5	2,2	1,7
2,1

Брянская область	2,3	2,2	2,2	1,9	1,9	1,9	1,7	1,8	1,6

Владимирская область	3,3	3,1	3,1	2,7	2,6	2,6	2,4	2,4
2,3

Воронежская область	7,2	6,1	7,1	5,8	5,1	5,8	5,1	4,5
5,1

Ивановская область	2,0	1,8	1,9	1,5	1,3	1,4	1,4	1,2	1,3

Калужская область	1,7	1,7	1,6	1,1	1,1	1,0	0,9	0,9	0,9

Костромская область	0,9	1,1	0,9	0,5	0,6	0,5	0,4	0,5
0,4

Курская область	1,9	1,6	1,8	1,5	1,3	1,4	1,3	1,2	1,2

Липецкая область	1,7	1,8	1,8	1,1	1,1	1,2	1,0	0,9	1,0

Московская область	7,5	6,9	7,4	5,0	5,5	5,1	4,0	4,4	4,1

Орловская область	1,6	1,4	1,5	1,2	1,1	1,2	1,1	1,0	1,1

Рязанская область	2,8	2,8	2,7	2,1	2,1	2,0	1,8	1,8	1,7

Смоленская область	2,7	2,4	2,6	2,1	2,0	2,1	1,9	1,8	1,8

Тамбовская область	1,6	1,4	1,6	1,4	1,2	1,4	1,2	1,1	1,2

Тверская область	3,3	3,3	3,3	2,5	2,7	2,5	2,2	2,3	2,1

Тульская область	1,7	1,9	1,5	1,0	1,2	0,9	0,9	1,0	0,8

Ярославская область	5,0	3,9	4,9	3,8	3,0	3,8	3,1	2,5
3,0

г. Москва	18,3	15,2	18,0	11,4	11,0	11,3	9,3	8,2	9,1

Северо-Западный 

федеральный округ	47,1	43,1	46,2	31,8	29,6	31,2	25,9
24,5	25,1

Республика Карелия	2,5	2,3	2,5	2,0	1,9	2,0	1,6	1,6	1,6

Республика Коми	3,5	3,2	3,5	2,5	2,3	2,5	1,9	1,8	1,8

Архангельская область	5,9	5,7	5,6	4,6	4,7	4,4	4,0
4,1	3,7

в том числе:

Ненецкий авт. округ	0,3	0,2	0,3	0,1	0,1	0,2	0,1	0,1	0,1

Архангельская область 

 без авт. округа	5,6	5,5	5,3	4,5	4,6	4,2	3,9	4,1	3,6

Вологодская область	3,9	3,9	3,6	3,1	3,2	2,9	2,8	2,8
2,6

Калининградская область	3,6	3,4	3,5	2,4	2,3	2,4
1,9	1,9	1,9

Ленинградская область	3,8	3,1	3,6	2,8	2,2	2,6	2,2
1,8	2,1

Мурманская область	2,0	2,6	2,2	1,3	1,7	1,5	1,0	1,3	1,2

Новгородская область	1,6	1,4	1,5	1,3	1,2	1,2	1,1	1,0
1,0

Псковская область	1,3	1,4	1,2	1,0	0,9	0,9	0,9	0,9	0,9

г. Санкт-Петербург	18,9	16,2	18,9	10,8	9,3	10,7	8,5	7,2
8,3

Южный 

 федеральный округ	35,6	32,1	33,6	27,4	25,6	26,2	23,3
22,3	22,1

Республика Адыгея	1,0	0,9	1,0	0,9	0,8	0,9	0,7	0,7	0,7

Республика Калмыкия	1,2	1,2	1,1	1,0	1,0	1,0	0,8	0,8
0,7

Республика Крым	4,9	4,3	4,5	4,2	3,8	3,8	3,6	3,3	3,1

Краснодарский край	11,9	10,6	11,1	8,2	7,9	7,8	6,8	6,6
6,5

Астраханская область	3,4	3,2	3,3	2,7	2,8	2,6	2,4	2,6
2,3

Волгоградская область	3,3	3,1	3,2	2,4	2,2	2,5	2,0
1,9	2,0

Ростовская область	9,0	8,0	8,8	7,5	6,6	7,2	6,5	5,9	6,2

г. Севастополь	0,8	0,8	0,7	0,5	0,5	0,5	0,4	0,4	0,4

Северо-Кавказский

 федеральный округ	51,4	61,0	55,3	43,8	56,2	48,4	22,3
22,3	21,7

Республика Дагестан	6,2	7,5	6,2	5,4	6,8	5,3	3,6	4,3
3,5

Республика Ингушетия	11,9	16,7	15,9	9,6	15,3	13,4	3,2
7,3	7,7

Кабардино-Балкарская 

 Республика	2,5	2,4	2,5	2,2	2,2	2,3	1,6	1,7	1,7

Карачаево-Черкесская 



-

"

(

,

.

:

<

B

H

V

X

^

-

.

H

d

f

v

†

 

ґ

¶

ё

є

ј

ѕ

А

a$

^

d

f

j

p

z

Ђ

†

љ

ћ

 

ґ

¶

ё

є

ѕ

А

Д

Ж

Т

Ф

Ъ

а

м

о

ф

ъ

ь

,

.

X

 

ў

Д

1А

В

Д

Ж

а

ъ

ь

"

,

.

X

`

h

p

x

Ђ

€

ђ

 

葞ã葠ￇ摧ᓯ@ᔀ 

ў

Д

М

Ф

Ь

д

м

ф

ь

ᜀ

Республика Северная  

 Осетия - Алания	2,4	2,6	2,5	1,7	2,1	1,8	1,3	1,7	1,3

Чеченская Республика	21,5	25,6	21,3	19,2	24,9	20,1
7,7	3,0	2,7

Ставропольский край	5,3	4,7	5,3	4,5	3,9	4,5	3,9	3,5
3,8

Приволжский 

федеральный округ	58,6	55,2	57,2	43,2	41,4	41,9	37,8
36,8	36,4

Республика Башкортостан	11,3	11,3	11,0	9,5	9,7	9,3
8,2	8,4	7,9

Республика Марий Эл	1,7	1,5	1,7	1,2	1,1	1,2	1,1	1,0	1,1

Республика Мордовия	1,5	1,8	1,5	1,3	1,3	1,3	1,2	1,2
1,1

Республика Татарстан	5,7	4,4	5,2	3,9	3,3	3,7	3,3	2,9
3,3

Удмуртская Республика	3,0	2,8	2,9	2,3	2,1	2,1	2,1
2,0	1,9

Чувашская Республика	3,0	3,0	2,8	2,3	2,5	2,2	2,1	2,2
2,0

Пермский край	5,1	4,8	5,1	4,0	3,7	3,8	3,2	3,4	3,1

Кировская область	1,8	1,7	1,7	1,1	1,1	1,0	1,0	1,0	0,9

Нижегородская область	2,4	1,5	2,2	0,2	0,2	0,2	0,2
0,2	0,2

Оренбургская область	6,8	7,9	7,7	5,2	5,5	5,2	4,6	4,6
4,5

Пензенская область	2,8	2,5	2,7	2,2	2,0	2,2	1,9	1,8	1,9

Самарская область	6,1	5,6	5,9	5,0	4,6	4,8	4,6	4,2	4,2

Саратовская область	4,7	4,2	4,5	3,5	3,2	3,4	3,2	2,9
3,1

Ульяновская область	2,7	2,2	2,3	1,4	1,2	1,4	1,3	1,1
1,2

Уральский 

федеральный округ	35,5	30,1	35,1	25,0	22,5	24,6	20,8
18,8	20,1

Курганская область	1,1	1,1	1,0	0,8	0,8	0,7	0,7	0,6	0,6

Свердловская область	14,0	12,2	13,8	10,3	9,4	10,1	8,7
8,2	8,4

Тюменская область	9,9	8,0	9,9	5,7	5,0	5,8	4,4	3,8	4,4

в том числе:

Ханты-Мансийский 

авт. округ - Югра	3,1	3,1	3,3	1,9	1,9	2,0	1,4	1,4	1,5

Ямало-Ненецкий 

 авт. округ	1,7	1,1	1,5	1,0	0,7	0,9	0,6	0,4	0,5

Тюменская область 

 без авт. округов	5,2	3,8	5,0	2,9	2,4	2,8	2,4	2,0	2,4

Челябинская область	10,4	8,8	10,3	8,2	7,3	8,1	7,0	6,2
6,7

Сибирский

федеральный округ	73,1	65,7	73,2	60,2	55,1	60,2	50,5
46,8	49,9

Республика Алтай	2,0	1,9	2,0	1,8	1,8	1,8	1,5	1,5	1,5

Республика Тыва	4,1	3,5	4,4	3,5	3,2	3,7	2,7	2,5	2,7

Республика Хакасия	2,3	2,3	2,2	2,0	2,0	1,9	1,8	1,7	1,7

Алтайский край	10,2	9,7	10,1	8,9	8,5	8,8	7,8	7,6	7,6

Красноярский край	11,9	11,1	12,2	9,9	9,3	10,2	7,9	7,4
8,0

Иркутская область	6,9	5,9	6,7	5,0	4,5	4,9	4,3	4,1	4,1

Кемеровская область	11,0	9,8	11,1	9,2	8,1	9,1	7,8	6,8
7,6

Новосибирская область	10,6	9,1	10,4	8,7	7,6	8,8	7,5
6,7	7,5

Омская область	10,1	8,9	10,3	8,0	7,2	8,0	6,8	6,1	6,8

Томская область	3,8	3,6	3,7	3,1	2,9	3,0	2,5	2,4	2,5

Дальневосточный 

федеральный округ	26,1	26,1	25,8	19,5	19,9	19,5	16,6
17,2	16,4

Республика Бурятия	2,3	2,3	2,3	2,0	2,0	2,0	1,8	1,8	1,8

Республика Саха (Якутия)	3,2	3,1	3,3	2,4	2,4	2,5	1,6
1,7	1,7

Забайкальский край	5,7	5,7	5,5	4,4	4,5	4,4	4,0	4,1	3,9

Камчатский край	0,8	0,8	0,8	0,6	0,7	0,6	0,5	0,5	0,5

Приморский край	6,8	6,5	6,6	5,3	5,3	5,2	4,8	4,8	4,6

Хабаровский край	2,4	2,7	2,4	1,5	1,5	1,5	1,2	1,3	1,2

Амурская область	2,1	2,2	2,1	1,7	1,9	1,7	1,5	1,8	1,5

Магаданская область	0,4	0,5	0,4	0,3	0,4	0,3	0,2	0,2
0,2

Сахалинская область	1,6	1,6	1,5	0,8	0,8	0,8	0,6	0,7
0,6

Еврейская авт. область	0,6	0,5	0,6	0,4	0,4	0,4	0,4
0,4	0,4

Чукотский авт. округ	0,3	0,2	0,3	0,2	0,2	0,2	0,1	0,1
0,1



