ТЕМПЫ РОСТА (СНИЖЕНИЯ) НОМИНАЛЬНЫХ
ДенежныХ доходОВ 

и потребительскиХ расходОВ НА ДУШУ
НАСЕЛЕНИЯ1) 

 

в % к соответствующему периоду
предыдущего года

	I квартал

2026 г.	II квартал

2026 г.	I полугодие

2026 г.

	денежные доходы	потребительские
расходы	денежные доходы
потребительские расходы	денежные
доходы	потребительские расходы

  Российская Федерация	107,6	111,9	107,0	119,9	107,3
115,9

Центральный федеральный округ	116,3	112,4
109,6	112,2	112,8	112,3

Белгородская область	110,0	118,4	107,5	115,2	108,6
116,8

Брянская область	110,2	111,5	110,3	111,4	110,2	111,4

Владимирская область	110,8	115,5	108,6	113,5	109,6
114,5

Воронежская область	111,1	114,0	110,3	114,3	110,7
114,2

Ивановская область	110,7	114,0	109,8	117,5	110,2	115,7

Калужская область	114,7	114,4	110,6	111,3	112,6	112,9

Костромская область	111,6	112,8	110,4	115,8	111,0
114,3

Курская область	112,6	114,7	109,6	113,6	111,0	114,1

Липецкая область	111,5	110,7	108,5	112,1	109,9	111,4

Московская область	112,3	112,3	112,8	112,7	112,6	112,5

Орловская область	110,9	112,2	107,8	114,4	109,2	113,4

Рязанская область	113,8	112,9	112,5	113,7	113,1	113,3

Смоленская область	111,9	115,7	109,8	110,8	110,7	113,1

Тамбовская область	112,3	117,1	110,8	112,8	111,5	114,9

Тверская область	111,8	111,8	109,0	111,6	110,3	111,7

Тульская область	111,6	114,7	109,0	114,7	110,3	114,7

Ярославская область	110,5	110,7	111,1	117,8	110,8
114,3

г. Москва	119,0	110,6	107,3	110,1	113,0	110,4

Северо-Западный 

федеральный округ 	110,8	113,5	108,4	113,4	109,5	113,4

Республика Карелия	111,0	110,0	108,0	110,7	109,4	110,4

Республика Коми	108,6	111,4	108,0	109,6	108,3	110,5

Архангельская область	109,7	111,0	107,0	110,1	108,3
110,6

в том числе:

Ненецкий авт. округ	109,0	114,5	109,1	112,1	109,1	113,2

Архангельская область без авт. округа
109,8	110,9	106,8	110,0	108,3	110,5

Вологодская область	111,3	110,7	108,9	120,5	110,1
115,6

Калининградская область	110,8	113,8	109,6	112,8
110,2	113,3

Ленинградская область	110,1	111,1	108,3	110,1	109,2
110,6

Мурманская область	111,2	116,7	109,3	111,8	110,2	114,1

Новгородская область	114,3	118,2	114,8	117,7	114,6
117,9

Псковская область	111,5	113,4	112,2	114,1	111,8	113,8

г. Санкт-Петербург	110,6	114,0	107,5	114,0	109,0	114,0

Южный федеральный округ	111,0	113,2	109,8	110,7
110,3	111,9

Республика Адыгея	108,7	112,0	108,9	113,5	108,8	112,8

Республика Калмыкия	118,9	117,3	116,2	111,2	117,4
114,3

Республика Крым	113,4	113,9	111,7	107,7	112,4	110,7

Краснодарский край	110,3	112,8	109,5	109,1	109,9	110,9

Астраханская область	109,8	114,5	106,3	116,7	107,9
115,6

Волгоградская область	110,7	119,9	108,4	112,1	109,5
115,8

Ростовская область	110,9	109,8	110,5	113,2	110,6	111,5

г. Севастополь	115,9	119,5	108,4	99,1	111,9	109,2

Северо-Кавказский 

T

њ

ћ

И

b

d

Љ

Т

Ф

ш

T

`

l

x

„

ђ

њ

И

Ф

а

м

ш

&

2

>

J

V

b

Љ

–

ў

®

є

Ж

Т

ш

葞9摧䵆YÔ欀

葞9摧䵆YÔ欀䩤

崀ᲄ愁Ȥ摧㣿)؀,2

Республика Башкортостан	108,5	110,4	114,8	123,8
111,7	116,9

Республика Марий Эл	110,3	115,6	107,8	120,3	109,0	118,1

Республика Мордовия	109,8	109,7	108,4	114,1	109,1
112,0

Республика Татарстан	112,5	113,9	111,6	114,7	112,0
114,3

Удмуртская Республика	113,7	114,4	113,1	117,2	113,4
115,8

Чувашская Республика	108,6	112,8	107,5	116,0	108,0
114,5

Пермский край	110,5	110,8	110,0	113,4	110,2	112,1

Кировская область	111,8	113,3	110,6	114,2	111,1	113,8

Нижегородская область	109,3	110,6	108,8	112,1	109,0
111,4

Оренбургская область	111,7	117,7	109,5	115,3	110,6
116,4

Пензенская область	113,1	113,3	109,1	116,0	111,0	114,6

Самарская область	110,5	110,7	108,2	115,0	109,3	112,9

Саратовская область	113,3	115,2	112,5	113,3	112,8
114,2

Ульяновская область	110,0	111,0	109,5	116,4	109,7
113,8

Уральский федеральный округ	108,9	112,9	107,0
112,2	107,9	112,5

Курганская область	108,8	112,3	109,0	112,4	108,9	112,4

Свердловская область	109,2	115,2	107,2	111,2	108,1
113,2

Тюменская область	108,1	107,7	106,5	108,9	107,2	108,3

в том числе:

Ханты-Мансийский авт. округ - Югра	106,3
107,9	104,7	110,8	105,5	109,3

Ямало-Ненецкий авт. округ	108,1	104,8	105,5	104,7
106,8	104,7

Тюменская область без авт. округов	112,1
108,7	111,5	108,8	111,8	108,8

Челябинская область	109,6	117,1	106,6	118,2	108,0
117,7

Сибирский федеральный округ	110,4	113,8	110,3
113,4	110,4	113,6

Республика Алтай	116,3	117,8	115,8	109,8	116,0	113,7

Республика Тыва	111,7	116,2	113,5	134,3	112,7	125,6

Республика Хакасия	110,0	109,0	111,1	111,3	110,5	110,2

Алтайский край	113,3	118,9	112,9	114,6	113,1	116,7

Красноярский край	113,2	114,3	113,9	110,7	113,6	112,5

Иркутская область	108,8	111,8	107,8	116,0	108,3	113,9

Кемеровская область	107,3	110,5	107,0	111,0	107,1
110,7

Новосибирская область	109,0	113,6	109,2	113,5	109,1
113,5

Омская область	111,1	116,3	110,0	115,5	110,5	115,9

Томская область	108,7	111,3	109,3	110,8	109,0	111,0

Дальневосточный 

федеральный округ	113,2	117,6	111,6	115,5	112,4	116,5

Республика Бурятия	115,8	129,7	112,6	131,3	114,1	130,5

Республика Саха (Якутия)	110,7	114,4	108,9	111,5
109,8	112,9

Забайкальский край	116,3	117,2	114,3	119,6	115,2	118,4

Камчатский край	111,8	118,0	112,3	111,0	112,1	114,3

Приморский край	108,8	110,7	108,0	110,0	108,4	110,4

Хабаровский край	118,5	123,9	117,0	116,1	117,7	120,0

Амурская область	111,7	116,4	110,0	118,2	110,7	117,4

Магаданская область	121,6	121,9	120,1	124,4	120,8
123,1

Сахалинская область	110,5	116,0	107,5	109,4	109,0
112,6

Еврейская авт. область	113,5	118,5	111,9	117,0	112,7
117,8

Чукотский авт. округ	125,6	121,4	122,1	130,3	123,8
125,9

 1) За периоды 2026 г. - оценка. Данные за I
квартал 2026 г. уточнены по сравнению с
ранее опубликованными по итогам
разработки квартального баланса
денежных доходов и расходов населения.



