НОМИНАЛЬНЫЕ Денежные доходы и
потребительские расходы

В РАСЧЕТЕ НА ДУШУ НАСЕЛЕНИЯ1) 

рублей 

	I квартал

2026 г.	II квартал

2026 г.	I полугодие 

2026 г.

	денежные доходы	потреби-тельские
расходы	денежные доходы
потреби-тельские расходы	денежные
доходы	потреби-тельские расходы

  Российская Федерация	68 285	56 052	76 716	60 417
72 500	58 234

Центральный федеральный округ	99 930	70 229
104 004	73 299	101 967	71 764

Белгородская область	58 780	50 090	66 943	50 106	62
862	50 098

Брянская область	52 256	44 478	55 472	46 229	53 864	45
354

Владимирская область	54 308	44 778	57 322	43 052	55
815	43 915

Воронежская область	60 081	53 756	65 666	53 749	62 874
53 753

Ивановская область	51 001	46 372	56 699	47 625	53 850
46 998

Калужская область	57 689	44 945	61 294	43 109	59 492	44
027

Костромская область	52 754	44 707	59 583	46 314	56 168
45 510

Курская область	55 193	44 602	62 568	46 249	58 880	45 425

Липецкая область	60 833	48 953	62 921	51 538	61 877	50
245

Московская область	87 231	68 390	102 811	71 857	95 021
70 124

Орловская область	57 508	45 011	68 186	57 540	62 847	51
276

Рязанская область	49 521	43 593	58 924	47 221	54 223	45
407

Смоленская область	58 145	47 625	65 405	50 096	61 775
48 861

Тамбовская область	51 019	42 851	55 713	41 271	53 366
42 061

Тверская область	51 872	44 500	58 187	49 097	55 029	46
798

Тульская область	61 056	49 150	64 975	49 604	63 016	49
377

Ярославская область	56 017	45 927	65 605	50 246	60 811
48 086

г. Москва	167 136	102 575	161 213	107 389	164 174	104 982

Северо-Западный  федеральный округ	80 771
65 010	86 937	68 705	83 854	66 858

Республика Карелия	68 334	56 590	79 539	63 568	73 936
60 079

Республика Коми	63 015	47 485	72 644	50 503	67 829	48 994

Архангельская область	74 723	59 437	72 847	55 280	73
785	57 359

в том числе:

Ненецкий авт. округ	160 226	56 544	165 830	62 409	163
028	59 476

Архангельская область без авт. округа
70 969	59 564	68 765	54 968	69 867	57 266

Вологодская область	57 165	43 126	59 306	47 236	58 236
45 181

Калининградская область	59 005	54 946	62 592	56
693	60 799	55 820

Ленинградская область	65 374	50 868	65 823	58 047	65
598	54 457

Мурманская область	96 847	68 977	103 614	75 266	100 230
72 122

Новгородская область	51 359	44 227	59 109	47 904	55
234	46 066

Псковская область	53 874	46 941	58 629	48 296	56 251	47
618

г. Санкт-Петербург	102 940	83 454	112 849	87 223	107 895
85 339

Южный федеральный округ	55 236	56 071	63 996	58 215
59 616	57 143

Республика Адыгея	51 683	50 905	61 303	53 675	56 493	52
290

Республика Калмыкия	45 030	36 665	49 294	34 656	47 162
35 661

Республика Крым	40 124	38 058	50 579	38 159	45 351	38 109

Краснодарский край	70 210	70 012	78 509	73 807	74 360
71 909

Астраханская область	44 829	40 943	48 332	42 755	46
581	41 849

Волгоградская область	42 115	42 567	48 336	43 604	45
225	43 085

Ростовская область	53 235	59 122	65 379	62 028	59 307
60 575

г. Севастополь	46 326	45 937	50 351	38 753	48 338	42 345

Северо-Кавказский 

F

H

r

Ћ

Ж

И

к

<

d

Ђ

ё

Ю

ъ

(

8

F

r

Ђ

Ћ

њ

Є

ё

Ж

к

ш

 

.

<

d

r

Ђ

Ћ

њ

Є

ё

Ю

м

ъ

葞9摧ࣷ®Ô欀ꉤ

8 711	48 345

Республика Башкортостан	52 185	49 723	57 513	53
470	54 849	51 597

Республика Марий Эл	43 198	34 020	45 463	38 885	44 330
36 453

Республика Мордовия	43 493	36 423	45 811	40 993	44 652
38 708

Республика Татарстан	70 392	56 557	80 659	59 542	75
526	58 049

Удмуртская Республика	56 294	43 845	62 552	45 672	59
423	44 759

Чувашская Республика	43 905	37 799	49 849	41 763	46
877	39 781

Пермский край	57 528	45 888	62 902	49 455	60 215	47 671

Кировская область	48 894	42 413	56 082	45 098	52 488	43
756

Нижегородская область	67 726	54 963	76 427	58 612	72
077	56 788

Оренбургская область	50 930	41 686	53 287	44 764	52
109	43 225

Пензенская область	52 110	40 988	54 256	43 119	53 183
42 054

Самарская область	57 316	49 064	62 333	53 566	59 824	51
315

Саратовская область	41 807	38 087	48 366	39 307	45 086
38 697

Ульяновская область	46 375	37 168	54 582	41 362	50 478
39 265

Уральский федеральный округ	69 431	56 498	76
964	57 641	73 198	57 070

Курганская область	46 043	36 069	51 098	36 068	48 571
36 069

Свердловская область	70 268	62 050	77 805	61 641	74
037	61 846

Тюменская область	88 887	60 683	97 236	61 062	93 061	60
872

в том числе:

Ханты-Мансийский авт. округ - Югра	91 280	60
172	99 257	58 077	95 269	59 124

Ямало-Ненецкий авт. округ	170 454	73 900	192 175
76 163	181 314	75 031

Тюменская область без авт. округов	60 540
57 060	65 067	59 516	62 803	58 288

Челябинская область	50 645	49 073	57 757	53 306	54 201
51 190

Сибирский федеральный округ	56 516	45 956	62
434	47 681	59 475	46 819

Республика Алтай	45 983	40 763	51 275	40 432	48 629	40
597

Республика Тыва	31 634	26 117	38 139	32 877	34 887	29 497

Республика Хакасия	47 601	40 192	51 603	42 710	49 602
41 451

Алтайский край	48 329	41 402	56 012	40 669	52 171	41 036

Красноярский край	70 210	50 619	73 782	50 633	71 996	50
626

Иркутская область	58 650	45 890	63 704	49 013	61 177	47
452

Кемеровская область	49 329	39 130	54 509	41 363	51 919
40 246

Новосибирская область	61 440	55 293	71 200	59 849	66
320	57 571

Омская область	52 648	44 870	59 615	46 322	56 132	45 596

Томская область	56 277	46 033	57 450	44 183	56 864	45 108

Дальневосточный 

федеральный округ	78 188	62 996	85 926	62 594	82 057	62
795

Республика Бурятия	52 007	51 413	60 321	52 537	56 164
51 975

Республика Саха (Якутия)	89 979	56 494	96 527	59 229
93 253	57 862

Забайкальский край	58 395	45 666	67 873	46 348	63 134
46 007

Камчатский край	102 683	79 593	129 546	81 684	116 114	80
639

Приморский край	76 374	67 899	80 239	62 343	78 306	65 121

Хабаровский край	82 152	73 894	87 613	67 589	84 883	70
741

Амурская область	67 609	57 906	78 892	70 712	73 251	64
309

Магаданская область	149 569	93 112	159 566	93 837	154
567	93 475

Сахалинская область	115 453	81 107	123 415	82 600	119
434	81 854

Еврейская авт. область	62 793	52 389	68 445	45 426
65 619	48 908

Чукотский авт. округ	232 195	69 186	251 866	76 351	242
030	72 768

 1) За периоды 2026 г. - оценка. Данные за I
квартал 2026 г. уточнены по сравнению с
ранее опубликованными по итогам
разработки квартального баланса
денежных доходов и расходов населения.



