СРЕДНемесячнаЯ НОМИНАЛЬНАЯ 

НАЧИСЛЕННАЯ ЗАРАБОТНАЯ ПЛАТА
работников организаций

	I полугодие 2026 г.	Июнь 2026 г.

	рублей	в % к

I полугодию

2025 г.	рублей	в % к

июню

2025 г.

  Российская Федерация	109 256	112,7	114 743	109,6

Центральный федеральный округ	139 852	115,0
142 114	109,3

Белгородская область	78 532	109,5	80 325	107,7

Брянская область	71 601	111,9	78 165	111,9

Владимирская область	80 674	111,0	86 375	110,1

Воронежская область	81 831	113,5	88 167	113,3

Ивановская область	62 715	113,1	69 235	111,0

Калужская область	93 956	115,7	98 335	111,5

Костромская область	67 085	108,9	73 696	109,4

Курская область	81 531	113,7	86 859	111,0

Липецкая область	82 477	112,1	85 717	109,5

Московская область	129 517	117,3	137 854	116,0

Орловская область	67 835	110,8	75 225	110,3

Рязанская область	80 963	114,3	88 199	112,2

Смоленская область	74 890	112,5	81 496	112,1

Тамбовская область	68 758	113,4	74 438	112,7

Тверская область	79 934	109,8	85 628	108,2

Тульская область	90 548	109,2	97 920	107,7

Ярославская область	82 293	115,8	91 645	116,5

г. Москва	196 861	114,0	193 367	106,0

Северо-Западный федеральный округ 	113 635
110,7	122 299	109,9

Республика Карелия	88 639	109,1	97 394	106,3

Республика Коми	103 997	108,6	109 127	107,6

Архангельская область	104 197	109,2	116 406	108,4

в том числе:

"

V

X

Ђ

ґ

¶

Ь

-

 

B

v

x

ћ

є

ј

Ц

Ш

ь

"

0

<

J

V

Ђ

Ћ

љ

Ё

ґ

Ь

к

ц

-

B

P

\

j

v

ћ

®

є

К

Ц

ь

5	111,5	51 695	100,0

Ставропольский край	68 347	112,6	74 854	112,9

Приволжский федеральный округ	83 161	112,0	89
478	111,3

Республика Башкортостан	77 962	108,6	81 157	106,5

Республика Марий Эл	74 399	107,9	81 557	107,2

Республика Мордовия	71 683	110,6	76 333	106,8

Республика Татарстан	98 479	116,4	104 524	115,7

Удмуртская Республика	87 278	116,9	96 682	115,8

Чувашская Республика	71 434	108,4	80 177	110,0

Пермский край	89 636	111,3	97 063	110,3

Кировская область	72 790	111,0	79 113	109,9

Нижегородская область	86 324	110,5	94 130	110,3

Оренбургская область	79 980	110,5	87 792	109,6

Пензенская область	72 706	112,9	79 103	111,7

Самарская область	81 976	110,6	87 512	111,1

Саратовская область	72 373	113,7	77 215	112,7

Ульяновская область	74 653	110,3	80 386	110,4

Уральский федеральный округ	108 609	107,3	115
612	106,0

Курганская область	75 907	106,9	82 323	108,5

Свердловская область	94 995	108,6	101 041	107,4

Тюменская область	140 389	106,5	150 195	105,5

в том числе:

Ханты-Мансийский авт. округ - Югра	142 725
106,3	159 763	106,2

Ямало-Ненецкий авт. округ	191 771	106,6	194 385
105,3

Тюменская область без авт. округов	98 627
108,0	103 109	105,2

Челябинская область	86 946	107,7	91 251	105,1

Сибирский федеральный округ	93 696	110,4	101
079	109,3

Республика Алтай	83 472	117,4	96 001	115,9

Республика Тыва	87 087	115,6	87 902	109,2

Республика Хакасия	87 039	110,7	97 650	110,5

Алтайский край	70 426	114,5	76 784	113,1

Красноярский край	116 327	114,0	125 277	113,0

Иркутская область	102 260	107,3	109 524	106,5

Кемеровская область	86 365	105,4	91 198	104,8

Новосибирская область	93 774	110,3	101 097	107,2

Омская область	78 811	111,5	86 138	111,9

Томская область	92 747	109,1	102 274	108,9

Дальневосточный федеральный округ	122 775
112,6	130 067	110,7

Республика Бурятия	92 586	116,0	103 921	113,1

Республика Саха (Якутия)	150 317	108,2	155 818	105,6

Забайкальский край	107 525	114,1	120 227	113,8

Камчатский край	163 146	114,1	163 649	117,0

Приморский край	102 282	109,6	108 832	107,5

Хабаровский край	114 496	121,6	119 275	119,4

Амурская область	105 192	109,3	112 906	107,3

Магаданская область	197 667	119,1	208 083	115,0

Сахалинская область	158 199	105,2	163 831	103,0

Еврейская авт. область	99 872	114,1	105 316	111,7

Чукотский авт. округ	242 557	114,9	255 118	115,4



