РЫНОК ПЛАТНЫХ УСЛУГ НАСЕЛЕНИЮ

ОБЪЕМ ПЛАТНЫХ УСЛУГ НАСЕЛЕНИЮ

	Январь-июль 2026 г.	Июль 2026 г. в % к1)

	млн

рублей	в % к

январю-июлю 

2025 г.1)	июлю 

2025 г.	июню

2026 г.

  Российская Федерация, млрд рублей
12 757,2	102,4	102,0	99,9

Центральный федеральный округ	 4 688 997,3
102,2	102,3	100,3

Белгородская область	 93 287,2	103,6	101,8	96,7

Брянская область	 59 201,2	101,6	100,5	97,2

Владимирская область	 76 829,1	101,7	99,2	95,4

Воронежская область	 125 193,8	102,4	101,7	102,3

Ивановская область	 50 794,7	102,0	102,2	96,1

Калужская область	 65 414,6	104,2	105,6	96,7

Костромская область	 31 343,7	102,7	103,6	95,4

Курская область	 55 216,4	104,3	103,3	95,8

Липецкая область	 76 622,0	104,0	100,1	103,2

Московская область	 736 301,1	103,6	108,5	98,5

Орловская область	 39 735,4	103,8	103,1	99,1

Рязанская область	 59 343,6	102,0	100,0	97,6

Смоленская область	 40 116,7	106,1	107,6	96,4

Тамбовская область	 54 594,3	105,3	105,1	97,2

Тверская область	 68 408,9	100,6	98,7	99,0

Тульская область	 87 769,5	104,7	103,5	98,1

Ярославская область	 78 676,8	104,1	105,7	95,8

г. Москва	 2 890 148,2	101,5	100,9	101,6

Северо-Западный федеральный округ 	 1 325
210,6	102,8	104,0	97,5

Республика Карелия	 44 674,8	100,2	98,8	98,4

Республика Коми	 46 929,0	97,4	97,2	94,2

Архангельская область	 77 137,4	103,6	103,9	93,6

в том числе:

㘀耡㘆ᠡ

＀￿᣿

<

P

p

r

љ

°

Ф

Ц

ь

$

F

H

j

~

ў

¤

К

а

Ц

ь

葞9摧Ⰷ§®欀뉤

¤

К

а

м

ш

3,3	107,9	104,9	97,8

Чеченская Республика	 67 864,6	111,2	118,2	99,1

Ставропольский край	 187 524,9	102,7	101,8	99,4

Приволжский федеральный округ	 1 947 586,5
104,0	104,5	98,6

Республика Башкортостан	 292 088,3	105,0	109,1
98,8

Республика Марий Эл	 27 326,9	106,1	102,3	97,3

Республика Мордовия	 31 308,3	106,0	105,4	94,4

Республика Татарстан	 366 332,7	104,7	105,7	98,3

Удмуртская Республика	 89 843,8	102,0	100,6	97,6

Чувашская Республика	 65 517,1	103,8	103,6	102,3

Пермский край	 196 064,4	100,2	98,5	95,4

Кировская область	 71 581,6	103,1	102,0	96,4

Нижегородская область	 234 713,8	103,9	105,4	99,8

Оренбургская область	 108 225,6	107,5	106,7	100,1

Пензенская область	 71 565,0	104,7	102,2	100,1

Самарская область	 202 788,7	104,2	103,2	100,3

Саратовская область	 119 485,0	104,4	105,3	97,9

Ульяновская область	 70 745,1	103,5	105,1	99,8

Уральский федеральный округ	 1 109 141,5	102,0
101,7	99,8

Курганская область	 31 702,2	101,5	101,5	98,9

Свердловская область	 494 019,5	100,6	100,0	102,7

Тюменская область	 356 981,4	104,8	105,2	97,4

в том числе:

Ханты-Мансийский авт. округ - Югра	 154
230,0	107,3	107,3	95,3

Ямало-Ненецкий авт. округ	 52 096,3	101,4	103,6
100,1

Тюменская область без авт. округов	 150
655,0	103,7	103,9	98,6

Челябинская область	 226 438,4	100,9	100,2	97,0

Сибирский федеральный округ	 1 109 426,6	104,2
104,4	98,6

Республика Алтай	 15 705,2	111,8	108,0	131,0

Республика Тыва	 15 561,7	101,3	104,0	98,9

Республика Хакасия	 26 214,2	103,8	103,5	103,5

Алтайский край	 124 940,2	102,1	103,7	98,7

Красноярский край	 224 870,4	102,9	102,8	94,8

Иркутская область	 136 411,4	104,8	101,9	100,0

Кемеровская область	 151 442,9	100,6	104,1	99,8

Новосибирская область	 243 271,0	109,2	107,4	98,9

Омская область	 118 688,6	103,7	103,7	98,5

Томская область	 52 321,0	102,9	108,0	95,3

Дальневосточный федеральный округ	 632
439,0	101,1	100,3	98,7

Республика Бурятия	 52 925,3	103,0	102,7	101,8

Республика Саха (Якутия)	 76 515,7	95,6	95,8	100,5

Забайкальский край	 58 846,9	102,5	100,7	98,1

Камчатский край	 26 133,7	101,9	102,8	98,5

Приморский край	 176 081,7	101,6	100,2	98,8

Хабаровский край	 121 277,3	100,0	99,9	98,8

Амурская область	 50 439,0	106,6	104,7	96,3

Магаданская область	 13 573,2	109,8	109,8	97,2

Сахалинская область	 43 579,0	99,2	97,9	96,3

Еврейская авт. область	 9 377,9	101,6	102,0	92,9

Чукотский авт. округ	 3 689,5	103,2	101,9	96,8

 1) В сопоставимых ценах. 

 2) С учетом федеральной территории
«Сириус».



