V	ЦЕНЫ

Индексы потребительских цен

в июле 2026 года

в процентах

	К предыдущему месяцу	К декабрю 2025 г.

	товары

и услуги	в том числе	товары

и услуги	в том числе



продо-

вольст-

венные 

товары  	непродо-

вольст-

венные 

товары	услуги 

продо-

вольст-

венные 

товары  	непродо-

вольст-

венные 

товары	услуги 

 Российская Федерация	100,5	100,3	101,3	100,1	104,8
103,1	104,1	107,8

Центральный федеральный округ	100,2	100,0
100,6	100,0	104,4	102,4	103,2	108,1

Белгородская область	100,3	100,3	100,4	100,3	104,2
103,4	102,6	108,1

Брянская область	100,8	100,4	101,5	100,6	105,1	102,8
104,7	109,6

Владимирская область	100,3	100,5	100,5	99,8	105,2
102,5	104,7	110,0

Воронежская область	100,7	100,6	101,4	100,0	104,4
103,2	105,7	104,9

Ивановская область	100,9	100,4	102,3	99,6	104,7	102,7
105,5	107,0

Калужская область	100,0	100,4	100,8	98,8	105,4	102,6
103,9	111,4

Костромская область	100,9	100,3	102,0	100,5	106,0
103,5	107,5	108,2

Курская область	100,8	100,4	101,6	100,2	104,8	104,3	105,3
105,1

Липецкая область	100,7	100,8	101,0	100,0	104,7	103,2
105,0	106,5

Московская область	100,0	99,7	100,5	99,7	105,1	102,3
103,9	109,5

Орловская область	100,4	99,8	101,2	99,9	103,8	102,0
103,4	106,8

Рязанская область	100,7	100,3	101,9	100,1	104,8	102,5
107,5	105,6

Смоленская область	100,5	100,7	100,7	99,9	104,0	103,1
104,0	105,6

Тамбовская область	101,1	101,2	101,8	99,8	105,2	103,4
105,5	107,6

Тверская область	100,2	100,0	100,6	99,9	103,7	102,7	103,7
105,5

Тульская область	100,8	100,2	101,5	100,6	104,7	102,7
105,0	107,4

Ярославская область	100,1	100,7	100,0	99,5	104,9	102,7
102,7	109,6

г. Москва	100,0	99,7	100,2	100,2	103,8	101,9	101,6	107,9

Северо-Западный федеральный округ	100,6
100,8	100,8	100,1	104,8	103,3	103,3	108,4

Республика Карелия	100,5	100,8	100,7	99,9	104,0	103,3
101,9	107,0

Республика Коми	100,6	100,6	101,1	100,1	105,0	103,6	103,4
108,5

Архангельская область	100,5	100,7	100,5	100,2	104,1
102,8	103,3	106,3

в том числе:

혈0渀漄耡渆᠄

᠀

᠀

耀Ć᠝

:

<

њ

ћ

И

6

8

`

А

В

и

<

H

T

`

l

x

„

ђ

њ

ћ

И

Ф

а

м

ш

Ff&

-

*

6

8

`

l

x

„

„

ђ

њ

Ё

ґ

А

В

и

ф

104,0

Республика Северная Осетия - Алания	100,5
99,6	101,4	100,8	105,0	104,6	105,5	104,7

Чеченская Республика	100,3	99,1	101,8	100,3	105,5
103,6	108,9	103,5

Ставропольский край	101,0	100,5	102,0	100,5	105,9
104,6	105,1	108,2

Приволжский федеральный округ	100,5	100,4
101,0	100,1	104,8	103,1	104,2	108,0

Республика Башкортостан	100,3	100,3	100,5	100,0
103,3	102,1	102,5	106,3

Республика Марий Эл	100,1	100,0	100,5	100,0	105,6	103,3
105,9	108,7

Республика Мордовия	100,9	100,5	102,4	100,2	103,9
101,9	105,8	105,9

Республика Татарстан	100,7	100,6	101,0	100,7	105,6
103,7	103,5	110,5

Удмуртская Республика	100,2	100,2	100,3	100,2	104,7
103,2	103,1	108,6

Чувашская Республика	100,4	100,7	100,6	99,7	105,6
103,2	105,8	109,0

Пермский край	100,7	100,3	101,8	100,0	105,2	103,6	104,7
107,9

Кировская область	100,9	100,1	102,3	100,2	104,8	102,1
105,8	107,8

Нижегородская область	100,4	100,5	100,6	100,0	104,2
102,5	104,2	106,6

Оренбургская область	100,4	100,5	100,7	100,0	104,4
103,2	102,2	109,2

Пензенская область	100,4	100,6	100,9	99,7	104,7	103,8
103,2	108,2

Самарская область	100,5	100,3	101,1	100,0	106,4	104,3
107,1	108,6

Саратовская область	100,3	100,6	100,6	99,6	104,0	103,5
104,2	104,7

Ульяновская область	100,3	100,0	101,3	99,7	104,8	102,0
104,7	108,7

Уральский федеральный округ	100,5	100,1	101,2
100,2	104,4	102,7	104,5	106,9

Курганская область	100,7	100,3	101,3	100,3	104,1	102,3
104,5	107,5

Свердловская область	100,4	100,1	100,8	100,3	104,4
101,6	104,6	107,9

Тюменская область	100,5	99,9	101,4	100,1	104,4	103,2
104,9	105,2

в том числе:

Ханты-Мансийский авт. округ - Югра	100,3
99,8	101,0	99,9	104,5	103,9	103,8	106,2

Ямало-Ненецкий авт. округ	100,6	100,1	101,4	100,0
103,6	103,7	103,7	103,4

Тюменская область без авт. округов	100,9
99,9	102,4	100,7	104,6	102,0	108,2	104,5

Челябинская область	100,7	100,5	101,3	100,3	104,7
103,4	103,9	107,6

Сибирский федеральный округ	100,8	100,2	102,1
100,0	105,2	103,1	105,4	107,9

Республика Алтай	100,4	100,2	101,5	98,6	103,6	102,5	103,3
105,8

Республика Тыва	101,6	100,6	103,1	99,8	111,0	107,1	114,7
109,2

Республика Хакасия	101,0	100,3	102,3	99,9	105,4	104,3
105,6	107,2

Алтайский край	101,1	99,9	103,1	99,9	105,2	101,1	106,5
110,1

Красноярский край	101,0	100,6	102,2	100,1	105,5	104,2
105,3	107,6

Иркутская область	99,7	100,1	99,6	99,4	104,8	104,1	102,0
109,2

Кемеровская область	100,9	100,2	102,2	100,1	104,6
102,2	104,9	107,0

Новосибирская область	101,7	99,8	104,7	100,4	106,1
102,1	109,2	107,7

Омская область	100,1	100,3	100,2	99,9	103,8	102,9	102,2
106,7

Томская область	100,8	100,3	101,8	100,1	104,9	103,0	104,4
108,1

Дальневосточный федеральный округ	100,4
100,0	100,9	100,3	104,2	103,1	102,7	107,3

Республика Бурятия	100,0	99,8	100,3	99,9	103,8	104,3
101,3	106,9

Республика Саха (Якутия)	100,7	100,3	101,4	100,5
103,6	102,3	103,8	105,2

Забайкальский край	100,3	100,3	100,4	100,1	103,6	103,1
101,7	107,9

Камчатский край	101,4	100,2	103,6	100,3	104,7	103,6	107,2
103,1

Приморский край	100,3	99,7	100,7	100,5	104,5	103,0	102,6
108,8

Хабаровский край	100,3	100,3	100,3	100,3	104,1	102,8
101,8	107,5

Амурская область	100,6	100,1	101,5	100,1	105,5	103,8
105,1	107,8

Магаданская область	100,9	100,3	102,8	99,9	104,1	103,3
103,0	105,9

Сахалинская область	100,2	99,8	100,8	100,0	103,7	103,1
101,8	107,3

Еврейская авт. область	100,3	100,2	101,0	99,7	104,4
104,3	103,8	105,2

Чукотский авт. округ	100,0	100,0	100,0	100,0	104,2
103,9	99,9	108,7



