 ИНДексы цен (ТАРИФОВ) ПРОИЗВОДИТЕЛЕЙ

в июле 2026 года

в процентах

	К предыдущему месяцу	К декабрю 2025 г.

	промыш-

ленных

товаров	на реали-зованную  сельско-

хозяйст-венную 

продук-

цию	сводный индекс 

цен на продукцию (затраты, услуги)
ин-вестици-онного наз-начения	тарифы 

на гру-

зовые пе-ревозки	промыш-

ленных

товаров	на реали-зованную  сельско-

хозяйст-венную 

продук-

цию	сводный индекс 

цен на продукцию 

(затраты, услуги) ин-вестици-онного
наз-начения	тарифы 

на гру-

зовые пе-ревозки

  Российская Федерация	97,5	100,3	102,2	106,4	106,9
95,9	106,6	106,4

Центральный 

 федеральный округ	100,0	100,7	102,5	101,0	104,5	95,7
107,1	106,6

Белгородская область	100,9	106,9	103,4	101,4	95,8
99,0	106,8	108,2

Брянская область	99,8	99,6	103,0	100,0	100,7	97,5	107,3
105,4

Владимирская область	100,5	99,3	102,9	100,2	100,6
92,3	108,1	99,0

Воронежская область	100,5	100,7	102,4	100,7	101,7	96,3
105,6	103,8

Ивановская область	100,4	98,7	103,0	100,0	99,4	94,4
106,4	107,8

Калужская область	101,8	93,2	102,7	102,0	106,2	84,9
105,9	102,5

Костромская область	101,0	95,8	102,9	106,1	108,6	83,3
108,2	96,5

Курская область	101,6	101,7	102,5	100,0	101,3	99,7	107,6
109,3

Липецкая область	100,5	102,2	103,1	100,0	98,3	94,3	106,8
102,3

Московская область	100,2	90,2	102,7	101,1	101,1	80,5
108,1	109,1

Орловская область	101,0	101,0	102,7	100,0	104,3	98,2
105,8	95,7

Рязанская область	99,9	99,0	103,1	100,2	101,3	94,1	108,2
102,4

Смоленская область	101,6	102,4	103,2	103,6	104,8	85,4
108,8	102,9

Тамбовская область	101,1	98,5	103,1	100,7	105,0	99,8
107,8	95,4

Тверская область	101,1	102,3	102,7	100,4	101,0	99,6	108,2
101,3

Тульская область	101,4	96,5	102,9	100,0	107,9	91,0	107,4
98,1

Ярославская область	94,4	101,1	103,3	100,0	102,3	90,8
108,6	103,8

г. Москва	102,9	-	102,1	101,3	114,9	-	107,8	108,4

Северо-Западный 

 федеральный округ	98,0	101,1	102,3	103,5	105,1	98,1
106,7	110,1

Республика Карелия	100,4	98,9	102,7	97,5	98,8	89,0
105,1	115,1

Республика Коми	90,5	100,9	102,5	110,4	110,7	96,8	107,3
107,1

Архангельская область	84,6	98,4	101,7	100,3	119,2
100,5	109,4	104,1

в том числе:

Ненецкий авт. округ	76,4	98,6	100,8	102,3	135,7	117,7
109,3	107,9

Архангельская область 

 без авт. округа	100,2	98,4	102,7	100,2	101,5	98,9	107,9
103,9

Вологодская область	100,6	98,5	103,2	101,0	101,5	90,3
108,9	103,8

Калининградская область	98,2	101,5	102,2	101,9
102,1	102,7	105,4	104,3

Ленинградская область	102,6	98,9	101,3	100,0	101,3
97,7	105,6	98,2

Мурманская область	101,1	112,3	103,5	100,0	104,9	125,8
108,7	113,6

Новгородская область	99,3	106,0	103,5	100,0	102,9
112,5	112,0	98,0

Псковская область	102,4	104,0	102,9	100,5	105,3	95,8
107,8	100,4

г. Санкт-Петербург	99,2	-	102,2	102,1	104,2	-	105,3
111,5

Южный 

 федеральный округ	103,9	99,7	102,5	102,0	102,8	96,5
106,8	100,9

Республика Адыгея	101,8	105,1	102,2	100,0	102,1	81,0
107,1	121,2

Республика Калмыкия	101,8	99,8	103,0	100,0	91,3	94,4
107,3	97,6

Республика Крым	102,4	106,9	102,3	104,1	103,7	106,9	107,1
108,0

Краснодарский край	100,3	99,2	102,4	102,6	102,1	94,6
106,8	99,0

Астраханская область	128,7	98,0	101,9	100,1	101,9
100,3	104,9	100,5

Волгоградская область	100,5	98,0	102,5	104,9	100,3
95,3	106,1	108,3

Ростовская область	100,7	99,8	103,2	100,0	103,7	98,8
107,8	101,1

г. Севастополь	101,4	100,1	101,9	131,7	104,7	99,9	108,6
142,1

Северо-Кавказский 

 федеральный округ	99,7	99,9	101,9	88,8	101,9	97,9	104,9
86,5

Республика Дагестан	99,1	99,9	102,4	66,1	100,4	99,3
106,9	116,4

Республика Ингушетия	99,0	93,6	101,6	-	108,2	103,6
105,8	 -

Кабардино-Балкарская 

с

 

в

д

.

0

>

@

D

F

h

j

l

n

ђ

’

”

ћ

 

В

Д

Ъ

Ь

в

д

:

F

R

^

j

t

~

Љ

–

є

Д

О

Ъ

ж

т

ь

  h!

:

崀愀Ȥ摧瘿=ᄀ:

F

R

^

j

t

~

Љ

–

є

Д

О

Ъ

ж

т

ь

  h!

  h!

  h!

  h!

  h!

  h!

  h!

葞9摧绵#᐀4	100,0	101,5	97,3	106,4	98,4

Карачаево-Черкесская 

 Республика	100,6	94,4	102,2	101,8	103,6	108,6	108,3	111,0

Республика Северная 

 Осетия - Алания	100,6	98,5	101,6	100,0	98,3	93,0	100,5
100,0

Чеченская Республика	96,1	91,4	100,9	100,0	97,5	73,9
106,2	76,5

Ставропольский край	99,6	100,4	102,4	94,7	100,0	98,1
104,7	82,7

Приволжский 

 федеральный округ	97,0	100,3	102,5	103,4	106,5	94,8
107,2	104,2

Республика Башкортостан	101,3	101,2	102,2	101,5
105,0	98,0	105,5	105,7

Республика Марий Эл	101,8	109,4	103,0	100,0	104,2	110,1
107,5	102,2

Республика Мордовия	107,0	100,2	102,6	100,0	107,7	91,2
106,7	101,1

Республика Татарстан	97,6	98,3	103,0	106,8	105,3	90,8
108,9	93,7

Удмуртская Республика	95,6	97,2	102,6	100,0	103,6
92,2	108,6	103,9

Чувашская Республика	99,4	106,0	102,2	101,0	100,3
90,0	105,3	110,2

Пермский край	94,1	94,7	102,3	114,8	108,3	81,6	107,4	106,9

Кировская область	99,7	99,4	102,7	100,0	106,5	92,3	106,7
101,6

Нижегородская область	100,0	103,9	102,9	100,2	101,8
94,9	107,5	107,9

Оренбургская область	86,9	101,2	102,4	100,1	122,3
96,0	106,4	104,7

Пензенская область	101,4	101,1	102,5	101,6	103,3	101,8
107,5	110,1

Самарская область	95,1	99,3	102,8	101,0	112,2	96,8	107,8
107,8

Саратовская область	97,2	99,9	102,3	102,7	100,7	97,0
107,5	103,7

Ульяновская область	100,3	98,9	102,8	100,0	102,3	97,0
108,1	99,9

Уральский 

 федеральный округ	92,0	99,3	101,8	106,7	112,0	94,8
106,4	103,4

Курганская область	100,1	92,9	103,1	100,0	101,8	89,6
107,9	105,9

Свердловская область	101,1	100,6	103,0	103,3	105,0
92,8	108,3	108,4

Тюменская область	87,1	98,9	101,3	109,7	118,0	98,1	105,6
101,8

 в том числе:

Ханты-Мансийский 

 авт. округ - Югра	83,4	116,2	101,5	112,9	115,7	106,3	104,9
100,9

Ямало-Ненецкий авт. округ	90,8	100,0	100,8	100,0
118,0	105,2	104,5	105,1

Тюменская область 

 без авт. округов	89,8	98,7	102,0	100,0	113,3	97,9	108,6
105,0

Челябинская область	101,6	99,4	103,4	100,1	102,0	94,7
108,9	102,0

Сибирский 

 федеральный округ	96,0	99,9	102,1	108,2	109,1	95,8
106,2	109,5

Республика Алтай	100,4	100,4	101,8	150,0	103,1	98,3	112,3
150,0

Республика Тыва	101,5	100,4	102,7	100,5	103,2	105,3	109,7
106,9

Республика Хакасия	92,4	99,1	103,8	100,2	95,8	94,4
108,5	102,1

Алтайский край	100,6	100,6	103,0	100,0	104,7	96,0	107,5
107,0

Красноярский край	91,3	99,7	101,9	100,3	113,5	96,8	107,1
101,6

Иркутская область	88,1	98,6	101,2	100,0	103,3	104,1
104,0	103,9

Кемеровская область	104,2	101,0	102,8	100,7	105,4	94,5
106,2	102,7

Новосибирская область	100,0	97,6	102,9	100,1	101,8
89,0	107,8	101,8

Омская область	101,5	100,1	103,0	99,9	127,3	93,8	107,1
104,4

Томская область	88,7	104,3	101,9	152,9	117,4	105,4	105,5
143,2

Дальневосточный 

 федеральный округ	97,2	100,0	101,7	100,2	101,9	99,0
105,3	103,7

Республика Бурятия	100,2	101,8	101,7	100,2	96,1	92,4
105,3	103,4

Республика Саха (Якутия)	93,2	98,1	101,4	100,0	109,5
102,2	104,7	105,8

Забайкальский край	95,8	99,6	102,0	100,0	96,5	102,7
106,0	101,1

Камчатский край	100,3	99,7	102,9	100,0	108,2	96,7	108,0
108,9

Приморский край	101,7	101,3	102,2	102,9	105,8	99,1	106,6
110,0

Хабаровский край	100,8	86,4	102,7	100,0	105,3	92,2	106,6
103,2

Амурская область	99,3	102,3	101,1	100,0	107,1	104,6	103,8
108,3

Магаданская область	98,1	100,7	102,6	100,1	96,2	113,3
106,6	104,7

Сахалинская область	101,3	93,5	100,9	101,4	103,5	84,6
104,2	115,4

Еврейская авт. область	101,8	100,6	101,4	100,0	104,2
95,8	105,6	109,1

Чукотский авт. округ	102,3	100,0	-	100,0	102,1	110,3	-
108,4



 PAGE   338 

