СТОИМОСТЬ ФИКСИРОВАННОГО НАБОРА 

ПОТРЕБИТЕЛЬСКИХ ТОВАРОВ И УСЛУГ 

в июле 2026 года

	Стоимость набора	Изменение стоимости
набора, в %

	рублей	в % к

среднероссийской стоимости	к
предыдущему месяцу	к декабрю

2025 г.

 Российская Федерация	27 125,1	100	100,7	105,5

Центральный федеральный округ	30 490,9	112
100,3	105,1

Белгородская область	23 850,9	88	100,9	105,5

Брянская область	25 426,5	94	100,7	105,9

Владимирская область	27 848,7	103	99,6	105,5

Воронежская область	25 871,2	95	100,7	105,5

Ивановская область	25 479,3	94	100,7	104,9

Калужская область	25 962,8	96	100,6	104,5

Костромская область	24 450,8	90	100,4	106,0

Курская область	25 948,2	96	101,0	107,3

Липецкая область	23 635,3	87	100,8	105,6

Московская область	32 001,2	118	100,1	105,5

Орловская область	23 447,0	86	100,7	105,6

Рязанская область	25 624,7	94	100,4	105,7

Смоленская область	25 688,8	95	100,3	106,2

Тамбовская область	24 385,5	90	101,1	105,7

Тверская область	24 918,3	92	100,5	106,1

Тульская область	26 203,8	97	101,6	105,7

Ярославская область	25 349,3	93	100,2	105,5

г. Москва	40 284,4	149	100,2	104,8

Северо-Западный федеральный округ	28 934,1
107	100,6	105,1

Республика Карелия	28 146,6	104	100,2	105,0

Республика Коми	29 159,2	107	101,0	106,1

Архангельская область	29 611,4	109	100,8	105,3

в том числе:

яяV

t!`	W

摧᪏

.

0

Z

l

t

Љ

Њ

ґ

Ж

М

д

ж

 

&

>

@

b

t

z

’

”

є

"

.

Z

l

t

~

Љ

ґ

Ж

М

Ш

д

 

&

2

>

b

t

z

†

’

є

М

Ф

а

м

є

М

Ф

м

о

Карачаево-Черкесская Республика	24 273,8	89
100,7	105,5

Республика Северная Осетия - Алания	23
907,6	88	100,8	105,6

Чеченская Республика	25 310,9	93	100,2	104,9

Ставропольский край	26 875,7	99	101,4	106,1

Приволжский федеральный округ	24 579,8	91
100,8	106,2

Республика Башкортостан	25 385,5	94	100,7	105,2

Республика Марий Эл	24 624,1	91	99,9	107,4

Республика Мордовия	23 606,4	87	101,2	106,3

Республика Татарстан	24 205,5	89	101,2	106,4

Удмуртская Республика	25 299,4	93	100,9	105,8

Чувашская Республика	23 309,2	86	100,8	105,5

Пермский край	27 094,8	100	100,9	107,6

Кировская область	24 685,8	91	101,1	106,9

Нижегородская область	25 199,0	93	100,9	104,3

Оренбургская область	24 515,4	90	101,0	107,0

Пензенская область	23 508,2	87	100,6	106,2

Самарская область	24 969,9	92	100,3	107,0

Саратовская область	23 469,5	87	101,2	106,7

Ульяновская область	24 986,2	92	100,6	106,0

Уральский федеральный округ	26 706,0	98	100,8
105,3

Курганская область	25 040,1	92	101,4	106,3

Свердловская область	26 769,7	99	100,8	104,8

Тюменская область	28 537,0	105	100,6	105,9

в том числе:

Ханты-Мансийский авт. округ - Югра	30 591,5
113	100,2	104,9

Ямало-Ненецкий авт. округ	31 045,4	114	100,8	105,6

Челябинская область	24 547,4	90	101,5	105,6

Сибирский федеральный округ	25 991,9	96	101,4
106,4

Республика Алтай	28 909,6	107	101,2	105,9

Республика Тыва	25 752,2	95	101,3	108,8

Республика Хакасия	27 480,4	101	100,9	106,5

Алтайский край	27 333,9	101	101,1	104,8

Красноярский край	28 636,7	106	101,6	106,8

Иркутская область	25 684,8	95	101,6	106,6

Кемеровская область	24 571,0	91	101,4	105,5

Новосибирская область	27 715,4	102	101,8	107,0

Омская область	23 778,1	88	101,0	104,8

Томская область	25 703,2	95	101,1	106,3

Дальневосточный  федеральный округ	30
467,6	112	100,5	104,8

Республика Бурятия	27 705,1	102	100,4	106,0

Республика Саха (Якутия)	34 934,1	129	101,2	105,3

Забайкальский край	27 286,7	101	100,7	103,7

Камчатский край	42 662,6	157	100,8	106,8

Приморский край	30 915,2	114	100,3	105,5

Хабаровский край	30 605,6	113	100,7	104,6

Амурская область	28 014,9	103	100,7	104,2

Магаданская область	36 128,2	133	100,9	105,3

Сахалинская область	32 568,7	120	100,2	104,0

Еврейская авт. область	31 293,3	115	101,1	106,1

Чукотский авт. округ	46 349,3	171	100,6	109,6

  

